<?xml version="1.0" encoding="UTF-8"?>
<svg xmlns="http://www.w3.org/2000/svg" xmlns:xlink="http://www.w3.org/1999/xlink" width="504pt" height="360pt" viewBox="0 0 504 360" version="1.1">
<defs>
<g>
<symbol overflow="visible" id="glyph0-0">
<path style="stroke:none;" d="M 0.453125 0 L 0.453125 -10.046875 L 8.421875 -10.046875 L 8.421875 0 Z M 7.171875 -1.265625 L 7.171875 -8.78125 L 1.703125 -8.78125 L 1.703125 -1.265625 Z "/>
</symbol>
<symbol overflow="visible" id="glyph0-1">
<path style="stroke:none;" d="M 3.78125 -9.796875 C 5.050781 -9.796875 5.96875 -9.269531 6.53125 -8.21875 C 6.96875 -7.414062 7.1875 -6.3125 7.1875 -4.90625 C 7.1875 -3.570312 6.988281 -2.472656 6.59375 -1.609375 C 6.019531 -0.359375 5.082031 0.265625 3.78125 0.265625 C 2.601562 0.265625 1.726562 -0.242188 1.15625 -1.265625 C 0.675781 -2.117188 0.4375 -3.265625 0.4375 -4.703125 C 0.4375 -5.804688 0.582031 -6.757812 0.875 -7.5625 C 1.40625 -9.050781 2.375 -9.796875 3.78125 -9.796875 Z M 3.78125 -0.859375 C 4.414062 -0.859375 4.921875 -1.140625 5.296875 -1.703125 C 5.671875 -2.265625 5.859375 -3.316406 5.859375 -4.859375 C 5.859375 -5.972656 5.722656 -6.890625 5.453125 -7.609375 C 5.179688 -8.328125 4.648438 -8.6875 3.859375 -8.6875 C 3.140625 -8.6875 2.609375 -8.34375 2.265625 -7.65625 C 1.929688 -6.976562 1.765625 -5.976562 1.765625 -4.65625 C 1.765625 -3.65625 1.875 -2.851562 2.09375 -2.25 C 2.414062 -1.320312 2.976562 -0.859375 3.78125 -0.859375 Z "/>
</symbol>
<symbol overflow="visible" id="glyph0-2">
<path style="stroke:none;" d="M 0.4375 0 C 0.476562 -0.84375 0.648438 -1.578125 0.953125 -2.203125 C 1.265625 -2.828125 1.859375 -3.394531 2.734375 -3.90625 L 4.046875 -4.65625 C 4.628906 -5 5.039062 -5.289062 5.28125 -5.53125 C 5.65625 -5.914062 5.84375 -6.351562 5.84375 -6.84375 C 5.84375 -7.40625 5.671875 -7.851562 5.328125 -8.1875 C 4.984375 -8.53125 4.53125 -8.703125 3.96875 -8.703125 C 3.125 -8.703125 2.539062 -8.378906 2.21875 -7.734375 C 2.039062 -7.390625 1.941406 -6.914062 1.921875 -6.3125 L 0.671875 -6.3125 C 0.691406 -7.164062 0.851562 -7.863281 1.15625 -8.40625 C 1.6875 -9.351562 2.625 -9.828125 3.96875 -9.828125 C 5.09375 -9.828125 5.910156 -9.519531 6.421875 -8.90625 C 6.941406 -8.300781 7.203125 -7.628906 7.203125 -6.890625 C 7.203125 -6.109375 6.925781 -5.4375 6.375 -4.875 C 6.0625 -4.550781 5.488281 -4.160156 4.65625 -3.703125 L 3.71875 -3.1875 C 3.28125 -2.9375 2.929688 -2.703125 2.671875 -2.484375 C 2.210938 -2.085938 1.925781 -1.644531 1.8125 -1.15625 L 7.15625 -1.15625 L 7.15625 0 Z "/>
</symbol>
<symbol overflow="visible" id="glyph0-3">
<path style="stroke:none;" d="M 4.625 -3.46875 L 4.625 -7.90625 L 1.484375 -3.46875 Z M 4.65625 0 L 4.65625 -2.390625 L 0.359375 -2.390625 L 0.359375 -3.59375 L 4.84375 -9.8125 L 5.875 -9.8125 L 5.875 -3.46875 L 7.328125 -3.46875 L 7.328125 -2.390625 L 5.875 -2.390625 L 5.875 0 Z "/>
</symbol>
<symbol overflow="visible" id="glyph0-4">
<path style="stroke:none;" d="M 4.09375 -9.828125 C 5.1875 -9.828125 5.945312 -9.539062 6.375 -8.96875 C 6.8125 -8.40625 7.03125 -7.820312 7.03125 -7.21875 L 5.8125 -7.21875 C 5.738281 -7.613281 5.625 -7.921875 5.46875 -8.140625 C 5.164062 -8.546875 4.710938 -8.75 4.109375 -8.75 C 3.421875 -8.75 2.875 -8.429688 2.46875 -7.796875 C 2.0625 -7.160156 1.835938 -6.25 1.796875 -5.0625 C 2.078125 -5.476562 2.429688 -5.789062 2.859375 -6 C 3.253906 -6.175781 3.691406 -6.265625 4.171875 -6.265625 C 4.992188 -6.265625 5.707031 -6.003906 6.3125 -5.484375 C 6.925781 -4.960938 7.234375 -4.179688 7.234375 -3.140625 C 7.234375 -2.253906 6.941406 -1.46875 6.359375 -0.78125 C 5.785156 -0.09375 4.960938 0.25 3.890625 0.25 C 2.972656 0.25 2.179688 -0.09375 1.515625 -0.78125 C 0.859375 -1.476562 0.53125 -2.648438 0.53125 -4.296875 C 0.53125 -5.515625 0.675781 -6.546875 0.96875 -7.390625 C 1.539062 -9.015625 2.582031 -9.828125 4.09375 -9.828125 Z M 4 -0.84375 C 4.65625 -0.84375 5.140625 -1.054688 5.453125 -1.484375 C 5.773438 -1.921875 5.9375 -2.4375 5.9375 -3.03125 C 5.9375 -3.53125 5.789062 -4.003906 5.5 -4.453125 C 5.21875 -4.910156 4.695312 -5.140625 3.9375 -5.140625 C 3.414062 -5.140625 2.953125 -4.960938 2.546875 -4.609375 C 2.148438 -4.265625 1.953125 -3.738281 1.953125 -3.03125 C 1.953125 -2.414062 2.132812 -1.894531 2.5 -1.46875 C 2.863281 -1.050781 3.363281 -0.84375 4 -0.84375 Z "/>
</symbol>
<symbol overflow="visible" id="glyph0-5">
<path style="stroke:none;" d="M 5.296875 -10.3125 C 6.566406 -10.3125 7.550781 -9.976562 8.25 -9.3125 C 8.957031 -8.644531 9.347656 -7.882812 9.421875 -7.03125 L 8.09375 -7.03125 C 7.945312 -7.675781 7.648438 -8.1875 7.203125 -8.5625 C 6.753906 -8.945312 6.125 -9.140625 5.3125 -9.140625 C 4.320312 -9.140625 3.519531 -8.789062 2.90625 -8.09375 C 2.300781 -7.394531 2 -6.328125 2 -4.890625 C 2 -3.710938 2.273438 -2.757812 2.828125 -2.03125 C 3.378906 -1.300781 4.195312 -0.9375 5.28125 -0.9375 C 6.28125 -0.9375 7.046875 -1.320312 7.578125 -2.09375 C 7.847656 -2.5 8.054688 -3.03125 8.203125 -3.6875 L 9.515625 -3.6875 C 9.398438 -2.632812 9.007812 -1.75 8.34375 -1.03125 C 7.550781 -0.164062 6.476562 0.265625 5.125 0.265625 C 3.957031 0.265625 2.976562 -0.0859375 2.1875 -0.796875 C 1.132812 -1.734375 0.609375 -3.175781 0.609375 -5.125 C 0.609375 -6.601562 1.003906 -7.816406 1.796875 -8.765625 C 2.640625 -9.796875 3.804688 -10.3125 5.296875 -10.3125 Z M 5.03125 -10.3125 Z "/>
</symbol>
<symbol overflow="visible" id="glyph0-6">
<path style="stroke:none;" d="M 3.8125 -0.796875 C 4.625 -0.796875 5.179688 -1.101562 5.484375 -1.71875 C 5.785156 -2.332031 5.9375 -3.019531 5.9375 -3.78125 C 5.9375 -4.46875 5.828125 -5.023438 5.609375 -5.453125 C 5.265625 -6.117188 4.671875 -6.453125 3.828125 -6.453125 C 3.066406 -6.453125 2.515625 -6.164062 2.171875 -5.59375 C 1.835938 -5.019531 1.671875 -4.328125 1.671875 -3.515625 C 1.671875 -2.742188 1.835938 -2.097656 2.171875 -1.578125 C 2.515625 -1.054688 3.0625 -0.796875 3.8125 -0.796875 Z M 3.859375 -7.53125 C 4.796875 -7.53125 5.585938 -7.210938 6.234375 -6.578125 C 6.890625 -5.953125 7.21875 -5.03125 7.21875 -3.8125 C 7.21875 -2.632812 6.929688 -1.660156 6.359375 -0.890625 C 5.785156 -0.117188 4.894531 0.265625 3.6875 0.265625 C 2.6875 0.265625 1.890625 -0.0703125 1.296875 -0.75 C 0.703125 -1.4375 0.40625 -2.351562 0.40625 -3.5 C 0.40625 -4.726562 0.71875 -5.707031 1.34375 -6.4375 C 1.96875 -7.164062 2.804688 -7.53125 3.859375 -7.53125 Z M 3.8125 -7.5 Z "/>
</symbol>
<symbol overflow="visible" id="glyph0-7">
<path style="stroke:none;" d="M 0.90625 -7.328125 L 2.125 -7.328125 L 2.125 -6.28125 C 2.414062 -6.644531 2.675781 -6.90625 2.90625 -7.0625 C 3.3125 -7.34375 3.773438 -7.484375 4.296875 -7.484375 C 4.878906 -7.484375 5.347656 -7.34375 5.703125 -7.0625 C 5.898438 -6.894531 6.082031 -6.648438 6.25 -6.328125 C 6.519531 -6.722656 6.835938 -7.015625 7.203125 -7.203125 C 7.578125 -7.390625 7.992188 -7.484375 8.453125 -7.484375 C 9.441406 -7.484375 10.113281 -7.128906 10.46875 -6.421875 C 10.65625 -6.035156 10.75 -5.519531 10.75 -4.875 L 10.75 0 L 9.46875 0 L 9.46875 -5.09375 C 9.46875 -5.570312 9.347656 -5.898438 9.109375 -6.078125 C 8.867188 -6.265625 8.570312 -6.359375 8.21875 -6.359375 C 7.738281 -6.359375 7.320312 -6.195312 6.96875 -5.875 C 6.625 -5.550781 6.453125 -5.015625 6.453125 -4.265625 L 6.453125 0 L 5.203125 0 L 5.203125 -4.78125 C 5.203125 -5.28125 5.140625 -5.640625 5.015625 -5.859375 C 4.828125 -6.203125 4.476562 -6.375 3.96875 -6.375 C 3.507812 -6.375 3.085938 -6.191406 2.703125 -5.828125 C 2.328125 -5.472656 2.140625 -4.828125 2.140625 -3.890625 L 2.140625 0 L 0.90625 0 Z "/>
</symbol>
<symbol overflow="visible" id="glyph0-8">
<path style="stroke:none;" d="M 4 -0.828125 C 4.570312 -0.828125 5.046875 -1.066406 5.421875 -1.546875 C 5.804688 -2.023438 6 -2.742188 6 -3.703125 C 6 -4.285156 5.914062 -4.785156 5.75 -5.203125 C 5.425781 -6.015625 4.84375 -6.421875 4 -6.421875 C 3.144531 -6.421875 2.5625 -5.992188 2.25 -5.140625 C 2.070312 -4.679688 1.984375 -4.101562 1.984375 -3.40625 C 1.984375 -2.84375 2.070312 -2.363281 2.25 -1.96875 C 2.5625 -1.207031 3.144531 -0.828125 4 -0.828125 Z M 0.8125 -7.28125 L 2 -7.28125 L 2 -6.3125 C 2.25 -6.644531 2.519531 -6.90625 2.8125 -7.09375 C 3.226562 -7.363281 3.710938 -7.5 4.265625 -7.5 C 5.097656 -7.5 5.800781 -7.179688 6.375 -6.546875 C 6.957031 -5.910156 7.25 -5.003906 7.25 -3.828125 C 7.25 -2.222656 6.832031 -1.082031 6 -0.40625 C 5.46875 0.03125 4.851562 0.25 4.15625 0.25 C 3.601562 0.25 3.140625 0.128906 2.765625 -0.109375 C 2.546875 -0.253906 2.300781 -0.492188 2.03125 -0.828125 L 2.03125 2.921875 L 0.8125 2.921875 Z "/>
</symbol>
<symbol overflow="visible" id="glyph0-9">
<path style="stroke:none;" d="M 1.640625 -2.296875 C 1.671875 -1.890625 1.769531 -1.578125 1.9375 -1.359375 C 2.25 -0.960938 2.789062 -0.765625 3.5625 -0.765625 C 4.007812 -0.765625 4.40625 -0.863281 4.75 -1.0625 C 5.101562 -1.257812 5.28125 -1.5625 5.28125 -1.96875 C 5.28125 -2.289062 5.140625 -2.53125 4.859375 -2.6875 C 4.679688 -2.789062 4.332031 -2.910156 3.8125 -3.046875 L 2.828125 -3.28125 C 2.203125 -3.4375 1.742188 -3.613281 1.453125 -3.8125 C 0.921875 -4.144531 0.65625 -4.601562 0.65625 -5.1875 C 0.65625 -5.882812 0.90625 -6.445312 1.40625 -6.875 C 1.90625 -7.300781 2.578125 -7.515625 3.421875 -7.515625 C 4.523438 -7.515625 5.316406 -7.191406 5.796875 -6.546875 C 6.109375 -6.128906 6.257812 -5.6875 6.25 -5.21875 L 5.09375 -5.21875 C 5.0625 -5.5 4.960938 -5.75 4.796875 -5.96875 C 4.515625 -6.289062 4.023438 -6.453125 3.328125 -6.453125 C 2.859375 -6.453125 2.503906 -6.363281 2.265625 -6.1875 C 2.023438 -6.007812 1.90625 -5.773438 1.90625 -5.484375 C 1.90625 -5.171875 2.0625 -4.914062 2.375 -4.71875 C 2.5625 -4.601562 2.832031 -4.503906 3.1875 -4.421875 L 4 -4.21875 C 4.882812 -4.007812 5.476562 -3.804688 5.78125 -3.609375 C 6.257812 -3.285156 6.5 -2.789062 6.5 -2.125 C 6.5 -1.46875 6.25 -0.898438 5.75 -0.421875 C 5.257812 0.046875 4.507812 0.28125 3.5 0.28125 C 2.40625 0.28125 1.628906 0.0351562 1.171875 -0.453125 C 0.722656 -0.953125 0.484375 -1.566406 0.453125 -2.296875 Z M 3.453125 -7.5 Z "/>
</symbol>
<symbol overflow="visible" id="glyph0-10">
<path style="stroke:none;" d="M 3.953125 -7.484375 C 4.472656 -7.484375 4.972656 -7.359375 5.453125 -7.109375 C 5.941406 -6.867188 6.316406 -6.554688 6.578125 -6.171875 C 6.828125 -5.804688 6.988281 -5.375 7.0625 -4.875 C 7.132812 -4.539062 7.171875 -4.003906 7.171875 -3.265625 L 1.8125 -3.265625 C 1.832031 -2.523438 2.003906 -1.929688 2.328125 -1.484375 C 2.660156 -1.035156 3.171875 -0.8125 3.859375 -0.8125 C 4.503906 -0.8125 5.019531 -1.019531 5.40625 -1.4375 C 5.625 -1.6875 5.773438 -1.972656 5.859375 -2.296875 L 7.078125 -2.296875 C 7.046875 -2.023438 6.9375 -1.722656 6.75 -1.390625 C 6.570312 -1.066406 6.375 -0.800781 6.15625 -0.59375 C 5.78125 -0.226562 5.316406 0.0195312 4.765625 0.15625 C 4.472656 0.226562 4.140625 0.265625 3.765625 0.265625 C 2.847656 0.265625 2.070312 -0.0664062 1.4375 -0.734375 C 0.8125 -1.398438 0.5 -2.328125 0.5 -3.515625 C 0.5 -4.691406 0.816406 -5.644531 1.453125 -6.375 C 2.085938 -7.113281 2.921875 -7.484375 3.953125 -7.484375 Z M 5.90625 -4.25 C 5.863281 -4.78125 5.75 -5.207031 5.5625 -5.53125 C 5.226562 -6.113281 4.664062 -6.40625 3.875 -6.40625 C 3.3125 -6.40625 2.835938 -6.203125 2.453125 -5.796875 C 2.066406 -5.390625 1.863281 -4.875 1.84375 -4.25 Z M 3.828125 -7.5 Z "/>
</symbol>
<symbol overflow="visible" id="glyph0-11">
<path style="stroke:none;" d="M 0.9375 -7.328125 L 2.109375 -7.328125 L 2.109375 -6.0625 C 2.203125 -6.300781 2.4375 -6.597656 2.8125 -6.953125 C 3.1875 -7.304688 3.617188 -7.484375 4.109375 -7.484375 C 4.128906 -7.484375 4.164062 -7.476562 4.21875 -7.46875 C 4.269531 -7.46875 4.363281 -7.460938 4.5 -7.453125 L 4.5 -6.15625 C 4.425781 -6.164062 4.359375 -6.171875 4.296875 -6.171875 C 4.234375 -6.179688 4.164062 -6.1875 4.09375 -6.1875 C 3.476562 -6.1875 3.003906 -5.984375 2.671875 -5.578125 C 2.335938 -5.179688 2.171875 -4.726562 2.171875 -4.21875 L 2.171875 0 L 0.9375 0 Z "/>
</symbol>
<symbol overflow="visible" id="glyph1-0">
<path style="stroke:none;" d="M 0.15625 -0.421875 L -9.28125 -3.859375 L -6.5625 -11.34375 L 2.875 -7.90625 Z M 1.265625 -7.171875 L -5.796875 -9.734375 L -7.671875 -4.59375 L -0.609375 -2.03125 Z "/>
</symbol>
<symbol overflow="visible" id="glyph1-1">
<path style="stroke:none;" d="M -2.375 -2.9375 C -1.832031 -2.769531 -1.351562 -2.742188 -0.9375 -2.859375 C -0.164062 -3.046875 0.414062 -3.679688 0.8125 -4.765625 C 0.988281 -5.242188 1.078125 -5.703125 1.078125 -6.140625 C 1.097656 -7.003906 0.765625 -7.5625 0.078125 -7.8125 C -0.429688 -8 -0.851562 -7.96875 -1.1875 -7.71875 C -1.519531 -7.476562 -1.894531 -7.035156 -2.3125 -6.390625 L -3.0625 -5.21875 C -3.5625 -4.445312 -3.984375 -3.929688 -4.328125 -3.671875 C -4.941406 -3.210938 -5.640625 -3.128906 -6.421875 -3.421875 C -7.273438 -3.722656 -7.863281 -4.265625 -8.1875 -5.046875 C -8.519531 -5.835938 -8.488281 -6.765625 -8.09375 -7.828125 C -7.738281 -8.828125 -7.191406 -9.585938 -6.453125 -10.109375 C -5.722656 -10.628906 -4.835938 -10.695312 -3.796875 -10.3125 L -4.234375 -9.109375 C -4.765625 -9.222656 -5.203125 -9.222656 -5.546875 -9.109375 C -6.191406 -8.910156 -6.679688 -8.34375 -7.015625 -7.40625 C -7.285156 -6.65625 -7.320312 -6.054688 -7.125 -5.609375 C -6.9375 -5.160156 -6.628906 -4.859375 -6.203125 -4.703125 C -5.742188 -4.535156 -5.332031 -4.609375 -4.96875 -4.921875 C -4.738281 -5.117188 -4.363281 -5.628906 -3.84375 -6.453125 L -3.046875 -7.65625 C -2.671875 -8.238281 -2.296875 -8.65625 -1.921875 -8.90625 C -1.265625 -9.351562 -0.515625 -9.425781 0.328125 -9.125 C 1.367188 -8.738281 1.976562 -8.082031 2.15625 -7.15625 C 2.332031 -6.238281 2.238281 -5.28125 1.875 -4.28125 C 1.445312 -3.101562 0.816406 -2.285156 -0.015625 -1.828125 C -0.867188 -1.378906 -1.800781 -1.347656 -2.8125 -1.734375 Z M -8.078125 -7.953125 Z "/>
</symbol>
<symbol overflow="visible" id="glyph1-2">
<path style="stroke:none;" d="M -8.40625 -4.296875 L -7.984375 -5.453125 L -6.078125 -4.75 L -5.671875 -5.84375 L -4.71875 -5.5 L -5.125 -4.40625 L -0.625 -2.78125 C -0.394531 -2.6875 -0.207031 -2.710938 -0.0625 -2.859375 C 0.0195312 -2.921875 0.0976562 -3.054688 0.171875 -3.265625 C 0.191406 -3.328125 0.210938 -3.390625 0.234375 -3.453125 C 0.265625 -3.515625 0.289062 -3.585938 0.3125 -3.671875 L 1.21875 -3.34375 C 1.207031 -3.195312 1.179688 -3.050781 1.140625 -2.90625 C 1.109375 -2.757812 1.0625 -2.601562 1 -2.4375 C 0.8125 -1.894531 0.539062 -1.578125 0.1875 -1.484375 C -0.15625 -1.398438 -0.546875 -1.4375 -0.984375 -1.59375 L -5.546875 -3.25 L -5.890625 -2.296875 L -6.84375 -2.640625 L -6.5 -3.59375 Z "/>
</symbol>
<symbol overflow="visible" id="glyph1-3">
<path style="stroke:none;" d="M -6.5625 -3.375 L -6.171875 -4.484375 L -4.984375 -4.0625 C -5.171875 -4.226562 -5.363281 -4.546875 -5.5625 -5.015625 C -5.769531 -5.492188 -5.789062 -5.960938 -5.625 -6.421875 C -5.613281 -6.441406 -5.597656 -6.472656 -5.578125 -6.515625 C -5.554688 -6.554688 -5.519531 -6.644531 -5.46875 -6.78125 L -4.25 -6.34375 C -4.28125 -6.269531 -4.304688 -6.203125 -4.328125 -6.140625 C -4.359375 -6.085938 -4.382812 -6.023438 -4.40625 -5.953125 C -4.625 -5.378906 -4.597656 -4.867188 -4.328125 -4.421875 C -4.066406 -3.972656 -3.695312 -3.660156 -3.21875 -3.484375 L 0.75 -2.046875 L 0.328125 -0.875 Z "/>
</symbol>
<symbol overflow="visible" id="glyph1-4">
<path style="stroke:none;" d="M -1.203125 -2.40625 C -0.878906 -2.28125 -0.570312 -2.300781 -0.28125 -2.46875 C 0 -2.644531 0.203125 -2.898438 0.328125 -3.234375 C 0.472656 -3.640625 0.523438 -4.070312 0.484375 -4.53125 C 0.398438 -5.28125 0.00390625 -5.785156 -0.703125 -6.046875 L -1.640625 -6.375 C -1.597656 -6.207031 -1.585938 -6 -1.609375 -5.75 C -1.640625 -5.507812 -1.675781 -5.273438 -1.71875 -5.046875 L -1.875 -4.328125 C -1.988281 -3.878906 -2.019531 -3.53125 -1.96875 -3.28125 C -1.90625 -2.851562 -1.648438 -2.5625 -1.203125 -2.40625 Z M -2.515625 -6.046875 C -2.453125 -6.328125 -2.5 -6.546875 -2.65625 -6.703125 C -2.738281 -6.785156 -2.878906 -6.863281 -3.078125 -6.9375 C -3.460938 -7.082031 -3.796875 -7.046875 -4.078125 -6.828125 C -4.359375 -6.609375 -4.59375 -6.242188 -4.78125 -5.734375 C -5 -5.117188 -4.992188 -4.628906 -4.765625 -4.265625 C -4.640625 -4.066406 -4.410156 -3.875 -4.078125 -3.6875 L -4.453125 -2.609375 C -5.296875 -2.941406 -5.785156 -3.429688 -5.921875 -4.078125 C -6.066406 -4.734375 -6.007812 -5.410156 -5.75 -6.109375 C -5.457031 -6.910156 -5.0625 -7.507812 -4.5625 -7.90625 C -4.082031 -8.300781 -3.515625 -8.378906 -2.859375 -8.140625 L 1.09375 -6.703125 C 1.21875 -6.648438 1.320312 -6.632812 1.40625 -6.65625 C 1.5 -6.6875 1.578125 -6.78125 1.640625 -6.9375 C 1.660156 -6.988281 1.675781 -7.050781 1.6875 -7.125 C 1.695312 -7.195312 1.710938 -7.265625 1.734375 -7.328125 L 2.59375 -7.015625 C 2.582031 -6.828125 2.5625 -6.679688 2.53125 -6.578125 C 2.507812 -6.472656 2.46875 -6.34375 2.40625 -6.1875 C 2.257812 -5.789062 2.015625 -5.550781 1.671875 -5.46875 C 1.492188 -5.4375 1.257812 -5.445312 0.96875 -5.5 C 1.1875 -5.15625 1.328125 -4.722656 1.390625 -4.203125 C 1.460938 -3.679688 1.40625 -3.15625 1.21875 -2.625 C 0.988281 -1.988281 0.601562 -1.535156 0.0625 -1.265625 C -0.46875 -1.003906 -1.03125 -0.976562 -1.625 -1.1875 C -2.257812 -1.414062 -2.675781 -1.789062 -2.875 -2.3125 C -3.082031 -2.84375 -3.109375 -3.445312 -2.953125 -4.125 Z M -5.75 -6.140625 Z "/>
</symbol>
<symbol overflow="visible" id="glyph1-5">
<path style="stroke:none;" d="M -6.375 -3.90625 L -0.09375 -3.71875 L -5.015625 -7.671875 L -4.546875 -8.9375 L 1.40625 -3.84375 L 0.953125 -2.609375 L -6.859375 -2.578125 Z "/>
</symbol>
<symbol overflow="visible" id="glyph1-6">
<path style="stroke:none;" d="M -6.53125 -3.34375 L -6.109375 -4.515625 L 0.734375 -2.03125 L 0.3125 -0.859375 Z M -9.125 -4.296875 L -8.703125 -5.46875 L -7.390625 -4.984375 L -7.8125 -3.8125 Z "/>
</symbol>
<symbol overflow="visible" id="glyph1-7">
<path style="stroke:none;" d="M -6.578125 -3.359375 L -6.1875 -4.453125 L -5.203125 -4.09375 C -5.472656 -4.570312 -5.628906 -5.023438 -5.671875 -5.453125 C -5.722656 -5.878906 -5.664062 -6.316406 -5.5 -6.765625 C -5.144531 -7.734375 -4.566406 -8.265625 -3.765625 -8.359375 C -3.328125 -8.410156 -2.765625 -8.3125 -2.078125 -8.0625 L 2.34375 -6.453125 L 1.921875 -5.28125 L -2.40625 -6.859375 C -2.832031 -7.015625 -3.191406 -7.070312 -3.484375 -7.03125 C -3.992188 -6.988281 -4.34375 -6.703125 -4.53125 -6.171875 C -4.632812 -5.890625 -4.695312 -5.648438 -4.71875 -5.453125 C -4.726562 -5.097656 -4.640625 -4.75 -4.453125 -4.40625 C -4.285156 -4.132812 -4.085938 -3.925781 -3.859375 -3.78125 C -3.640625 -3.644531 -3.304688 -3.492188 -2.859375 -3.328125 L 0.734375 -2.015625 L 0.3125 -0.859375 Z M -5.75 -6.125 Z "/>
</symbol>
<symbol overflow="visible" id="glyph1-8">
<path style="stroke:none;" d="M -1.59375 -2.328125 C -1.195312 -2.210938 -0.875 -2.203125 -0.625 -2.296875 C -0.132812 -2.453125 0.238281 -2.890625 0.5 -3.609375 C 0.65625 -4.035156 0.695312 -4.445312 0.625 -4.84375 C 0.5625 -5.238281 0.34375 -5.503906 -0.03125 -5.640625 C -0.34375 -5.753906 -0.625 -5.703125 -0.875 -5.484375 C -1.019531 -5.347656 -1.25 -5.0625 -1.5625 -4.625 L -2.109375 -3.78125 C -2.472656 -3.25 -2.796875 -2.875 -3.078125 -2.65625 C -3.578125 -2.269531 -4.101562 -2.179688 -4.65625 -2.390625 C -5.3125 -2.617188 -5.753906 -3.046875 -5.984375 -3.671875 C -6.210938 -4.296875 -6.179688 -5.003906 -5.890625 -5.796875 C -5.515625 -6.828125 -4.941406 -7.457031 -4.171875 -7.6875 C -3.671875 -7.84375 -3.203125 -7.832031 -2.765625 -7.65625 L -3.171875 -6.5625 C -3.441406 -6.632812 -3.707031 -6.628906 -3.96875 -6.546875 C -4.363281 -6.390625 -4.679688 -5.984375 -4.921875 -5.328125 C -5.085938 -4.890625 -5.125 -4.53125 -5.03125 -4.25 C -4.945312 -3.96875 -4.769531 -3.773438 -4.5 -3.671875 C -4.207031 -3.566406 -3.914062 -3.625 -3.625 -3.84375 C -3.445312 -3.988281 -3.257812 -4.210938 -3.0625 -4.515625 L -2.59375 -5.203125 C -2.09375 -5.960938 -1.695312 -6.453125 -1.40625 -6.671875 C -0.945312 -7.003906 -0.40625 -7.0625 0.21875 -6.84375 C 0.832031 -6.613281 1.28125 -6.1875 1.5625 -5.5625 C 1.84375 -4.9375 1.8125 -4.144531 1.46875 -3.1875 C 1.09375 -2.164062 0.597656 -1.523438 -0.015625 -1.265625 C -0.640625 -1.003906 -1.300781 -0.984375 -2 -1.203125 Z M -5.859375 -5.8125 Z "/>
</symbol>
<symbol overflow="visible" id="glyph1-9">
<path style="stroke:none;" d="M -9.140625 -4.265625 L -8.734375 -5.375 L -3.265625 -3.375 L -5.109375 -7.40625 L -4.578125 -8.875 L -2.9375 -5.3125 L 2.375 -6.53125 L 1.84375 -5.046875 L -2.40625 -4.171875 L -1.875 -2.875 L 0.703125 -1.9375 L 0.296875 -0.828125 Z "/>
</symbol>
<symbol overflow="visible" id="glyph1-10">
<path style="stroke:none;" d="M -5.015625 -7.640625 L -4.546875 -8.9375 C -4.160156 -8.613281 -3.285156 -7.882812 -1.921875 -6.75 C -0.878906 -5.90625 -0.0390625 -5.203125 0.59375 -4.640625 C 2.101562 -3.328125 3 -2.460938 3.28125 -2.046875 C 3.5625 -1.640625 3.582031 -1.097656 3.34375 -0.421875 C 3.28125 -0.265625 3.226562 -0.144531 3.1875 -0.0625 C 3.144531 0.0195312 3.085938 0.117188 3.015625 0.234375 L 1.953125 -0.15625 C 2.085938 -0.332031 2.175781 -0.460938 2.21875 -0.546875 C 2.269531 -0.640625 2.3125 -0.71875 2.34375 -0.78125 C 2.414062 -0.988281 2.429688 -1.15625 2.390625 -1.28125 C 2.347656 -1.414062 2.289062 -1.53125 2.21875 -1.625 C 2.1875 -1.664062 2.035156 -1.804688 1.765625 -2.046875 C 1.492188 -2.296875 1.296875 -2.476562 1.171875 -2.59375 L -6.84375 -2.625 L -6.359375 -3.9375 L -0.078125 -3.75 Z M -5.84375 -5.84375 Z "/>
</symbol>
<symbol overflow="visible" id="glyph1-11">
<path style="stroke:none;" d="M 1.734375 -0.609375 C 1.796875 -0.929688 1.664062 -1.210938 1.34375 -1.453125 C 1.164062 -1.585938 0.988281 -1.6875 0.8125 -1.75 C 0.789062 -1.757812 0.765625 -1.769531 0.734375 -1.78125 C 0.710938 -1.789062 0.6875 -1.796875 0.65625 -1.796875 L 0.390625 -1.09375 L -1 -1.59375 L -0.5 -2.96875 L 0.78125 -2.5 C 1.289062 -2.320312 1.703125 -2.054688 2.015625 -1.703125 C 2.335938 -1.359375 2.445312 -0.921875 2.34375 -0.390625 Z "/>
</symbol>
<symbol overflow="visible" id="glyph1-12">
<path style="stroke:none;" d=""/>
</symbol>
<symbol overflow="visible" id="glyph1-13">
<path style="stroke:none;" d="M -8.96875 -4.734375 L -8.5 -6.015625 L 0.9375 -2.578125 L 0.46875 -1.296875 Z "/>
</symbol>
<symbol overflow="visible" id="glyph1-14">
<path style="stroke:none;" d="M -5.8125 -5.828125 C -5.613281 -6.359375 -5.3125 -6.78125 -4.90625 -7.09375 C -4.664062 -7.25 -4.363281 -7.394531 -4 -7.53125 L -4.859375 -7.84375 L -4.46875 -8.921875 L 1.78125 -6.640625 C 2.65625 -6.328125 3.300781 -5.941406 3.71875 -5.484375 C 4.46875 -4.660156 4.597656 -3.582031 4.109375 -2.25 C 3.847656 -1.519531 3.457031 -0.960938 2.9375 -0.578125 C 2.414062 -0.191406 1.796875 -0.0976562 1.078125 -0.296875 L 1.5 -1.46875 C 1.832031 -1.40625 2.113281 -1.425781 2.34375 -1.53125 C 2.6875 -1.71875 2.960938 -2.085938 3.171875 -2.640625 C 3.492188 -3.535156 3.394531 -4.226562 2.875 -4.71875 C 2.5625 -5.007812 1.929688 -5.320312 0.984375 -5.65625 C 1.253906 -5.300781 1.414062 -4.929688 1.46875 -4.546875 C 1.519531 -4.160156 1.445312 -3.695312 1.25 -3.15625 C 0.976562 -2.40625 0.476562 -1.847656 -0.25 -1.484375 C -0.988281 -1.117188 -1.96875 -1.160156 -3.1875 -1.609375 C -4.34375 -2.023438 -5.140625 -2.628906 -5.578125 -3.421875 C -6.015625 -4.222656 -6.09375 -5.023438 -5.8125 -5.828125 Z M -1.515625 -6.625 C -2.367188 -6.925781 -3.0625 -6.972656 -3.59375 -6.765625 C -4.132812 -6.566406 -4.503906 -6.203125 -4.703125 -5.671875 C -4.992188 -4.847656 -4.816406 -4.15625 -4.171875 -3.59375 C -3.828125 -3.269531 -3.328125 -2.992188 -2.671875 -2.765625 C -1.878906 -2.472656 -1.222656 -2.410156 -0.703125 -2.578125 C -0.191406 -2.753906 0.15625 -3.101562 0.34375 -3.625 C 0.644531 -4.457031 0.484375 -5.179688 -0.140625 -5.796875 C -0.492188 -6.140625 -0.953125 -6.414062 -1.515625 -6.625 Z M -5.8125 -5.96875 Z "/>
</symbol>
<symbol overflow="visible" id="glyph1-15">
<path style="stroke:none;" d="M 0.546875 -3.84375 C 0.828125 -4.613281 0.726562 -5.242188 0.25 -5.734375 C -0.21875 -6.234375 -0.804688 -6.613281 -1.515625 -6.875 C -2.160156 -7.101562 -2.722656 -7.1875 -3.203125 -7.125 C -3.953125 -7.03125 -4.46875 -6.585938 -4.75 -5.796875 C -5.007812 -5.085938 -4.925781 -4.476562 -4.5 -3.96875 C -4.082031 -3.457031 -3.488281 -3.0625 -2.71875 -2.78125 C -2 -2.519531 -1.335938 -2.457031 -0.734375 -2.59375 C -0.128906 -2.726562 0.296875 -3.144531 0.546875 -3.84375 Z M -5.765625 -6.203125 C -5.441406 -7.085938 -4.867188 -7.722656 -4.046875 -8.109375 C -3.234375 -8.503906 -2.253906 -8.492188 -1.109375 -8.078125 C -0.00390625 -7.679688 0.804688 -7.082031 1.328125 -6.28125 C 1.859375 -5.476562 1.921875 -4.507812 1.515625 -3.375 C 1.171875 -2.4375 0.578125 -1.800781 -0.265625 -1.46875 C -1.109375 -1.144531 -2.066406 -1.179688 -3.140625 -1.578125 C -4.296875 -1.992188 -5.109375 -2.617188 -5.578125 -3.453125 C -6.054688 -4.296875 -6.117188 -5.210938 -5.765625 -6.203125 Z M -5.75 -6.140625 Z "/>
</symbol>
<symbol overflow="visible" id="glyph1-16">
<path style="stroke:none;" d="M -3.796875 -6.53125 C -3.597656 -7.070312 -3.519531 -7.519531 -3.5625 -7.875 C -3.613281 -8.425781 -3.945312 -8.816406 -4.5625 -9.046875 C -5.1875 -9.265625 -5.695312 -9.160156 -6.09375 -8.734375 C -6.320312 -8.503906 -6.535156 -8.109375 -6.734375 -7.546875 L -7.5625 -5.265625 L -4.640625 -4.203125 Z M 0.71875 -5.375 C 1 -6.15625 0.972656 -6.796875 0.640625 -7.296875 C 0.429688 -7.609375 0.125 -7.84375 -0.28125 -8 C -0.96875 -8.25 -1.546875 -8.109375 -2.015625 -7.578125 C -2.265625 -7.304688 -2.488281 -6.898438 -2.6875 -6.359375 L -3.609375 -3.828125 L -0.28125 -2.609375 Z M -9.078125 -4.40625 L -7.609375 -8.453125 C -7.203125 -9.566406 -6.582031 -10.238281 -5.75 -10.46875 C -5.269531 -10.59375 -4.769531 -10.5625 -4.25 -10.375 C -3.65625 -10.164062 -3.234375 -9.816406 -2.984375 -9.328125 C -2.847656 -9.078125 -2.753906 -8.757812 -2.703125 -8.375 C -2.335938 -8.789062 -2.003906 -9.078125 -1.703125 -9.234375 C -1.128906 -9.515625 -0.484375 -9.519531 0.234375 -9.25 C 0.847656 -9.03125 1.335938 -8.640625 1.703125 -8.078125 C 2.222656 -7.242188 2.257812 -6.207031 1.8125 -4.96875 L 0.359375 -0.96875 Z "/>
</symbol>
<symbol overflow="visible" id="glyph1-17">
<path style="stroke:none;" d="M -5.671875 -6.28125 C -5.492188 -6.769531 -5.207031 -7.195312 -4.8125 -7.5625 C -4.425781 -7.9375 -4.003906 -8.179688 -3.546875 -8.296875 C -3.117188 -8.398438 -2.65625 -8.40625 -2.15625 -8.3125 C -1.820312 -8.257812 -1.304688 -8.101562 -0.609375 -7.84375 L -2.4375 -2.8125 C -1.75 -2.582031 -1.132812 -2.546875 -0.59375 -2.703125 C -0.0625 -2.859375 0.316406 -3.257812 0.546875 -3.90625 C 0.773438 -4.507812 0.757812 -5.0625 0.5 -5.5625 C 0.34375 -5.863281 0.125 -6.101562 -0.15625 -6.28125 L 0.265625 -7.4375 C 0.503906 -7.3125 0.742188 -7.109375 0.984375 -6.828125 C 1.234375 -6.546875 1.421875 -6.265625 1.546875 -5.984375 C 1.753906 -5.503906 1.828125 -4.988281 1.765625 -4.4375 C 1.742188 -4.125 1.664062 -3.789062 1.53125 -3.4375 C 1.21875 -2.582031 0.644531 -1.972656 -0.1875 -1.609375 C -1.03125 -1.242188 -2.007812 -1.265625 -3.125 -1.671875 C -4.238281 -2.078125 -5.03125 -2.703125 -5.5 -3.546875 C -5.96875 -4.398438 -6.023438 -5.3125 -5.671875 -6.28125 Z M -1.984375 -7 C -2.492188 -7.132812 -2.929688 -7.175781 -3.296875 -7.125 C -3.953125 -7 -4.414062 -6.566406 -4.6875 -5.828125 C -4.882812 -5.296875 -4.859375 -4.78125 -4.609375 -4.28125 C -4.359375 -3.789062 -3.945312 -3.425781 -3.375 -3.1875 Z M -5.734375 -6.15625 Z "/>
</symbol>
<symbol overflow="visible" id="glyph1-18">
<path style="stroke:none;" d="M -9.109375 -4.3125 L -8.6875 -5.484375 L 0.75 -2.046875 L 0.328125 -0.875 Z "/>
</symbol>
<symbol overflow="visible" id="glyph1-19">
<path style="stroke:none;" d="M -0.78125 -0.671875 L -4.234375 -6.546875 L -5.609375 -2.75 L -6.65625 -3.125 L -4.71875 -8.46875 L -3.765625 -8.125 L -0.34375 -2.28125 L 1.1875 -6.46875 L 2.21875 -6.09375 L 0.125 -0.34375 Z M -5.84375 -5.859375 Z "/>
</symbol>
<symbol overflow="visible" id="glyph1-20">
<path style="stroke:none;" d="M -9.0625 -4.46875 L -8.59375 -5.75 L -4.6875 -4.328125 L -2.890625 -9.25 L -6.796875 -10.671875 L -6.328125 -11.96875 L 3.109375 -8.53125 L 2.640625 -7.234375 L -1.78125 -8.84375 L -3.578125 -3.921875 L 0.84375 -2.3125 L 0.375 -1.03125 Z "/>
</symbol>
<symbol overflow="visible" id="glyph1-21">
<path style="stroke:none;" d="M -5.8125 -6.078125 C -5.519531 -6.859375 -5.097656 -7.421875 -4.546875 -7.765625 C -3.992188 -8.117188 -3.238281 -8.171875 -2.28125 -7.921875 L -2.6875 -6.796875 C -3.144531 -6.878906 -3.554688 -6.851562 -3.921875 -6.71875 C -4.285156 -6.582031 -4.570312 -6.242188 -4.78125 -5.703125 C -5.039062 -4.960938 -4.867188 -4.304688 -4.265625 -3.734375 C -3.867188 -3.359375 -3.332031 -3.046875 -2.65625 -2.796875 C -1.957031 -2.535156 -1.320312 -2.460938 -0.75 -2.578125 C -0.175781 -2.703125 0.222656 -3.078125 0.453125 -3.703125 C 0.617188 -4.179688 0.609375 -4.613281 0.421875 -5 C 0.234375 -5.394531 -0.09375 -5.738281 -0.5625 -6.03125 L -0.15625 -7.15625 C 0.707031 -6.695312 1.257812 -6.128906 1.5 -5.453125 C 1.738281 -4.785156 1.710938 -4.050781 1.421875 -3.25 C 1.085938 -2.351562 0.492188 -1.753906 -0.359375 -1.453125 C -1.210938 -1.160156 -2.128906 -1.195312 -3.109375 -1.5625 C -4.316406 -2 -5.148438 -2.632812 -5.609375 -3.46875 C -6.066406 -4.300781 -6.132812 -5.171875 -5.8125 -6.078125 Z M -5.84375 -5.875 Z "/>
</symbol>
<symbol overflow="visible" id="glyph1-22">
<path style="stroke:none;" d="M -9.203125 -4.28125 L -8.296875 -6.734375 L -7.359375 -6.390625 L -7.875 -5.015625 L 2.328125 -1.3125 L 2.84375 -2.6875 L 3.78125 -2.34375 L 2.875 0.109375 Z "/>
</symbol>
<symbol overflow="visible" id="glyph1-23">
<path style="stroke:none;" d="M 0.546875 -3.84375 C 0.828125 -4.613281 0.726562 -5.242188 0.25 -5.734375 C -0.21875 -6.234375 -0.804688 -6.613281 -1.515625 -6.875 C -2.160156 -7.101562 -2.722656 -7.1875 -3.203125 -7.125 C -3.953125 -7.03125 -4.46875 -6.585938 -4.75 -5.796875 C -5.007812 -5.085938 -4.925781 -4.476562 -4.5 -3.96875 C -4.082031 -3.457031 -3.488281 -3.0625 -2.71875 -2.78125 C -2 -2.519531 -1.335938 -2.457031 -0.734375 -2.59375 C -0.128906 -2.726562 0.296875 -3.144531 0.546875 -3.84375 Z M -5.765625 -6.203125 C -5.441406 -7.085938 -4.867188 -7.722656 -4.046875 -8.109375 C -3.234375 -8.503906 -2.253906 -8.492188 -1.109375 -8.078125 C -0.00390625 -7.679688 0.804688 -7.082031 1.328125 -6.28125 C 1.859375 -5.476562 1.921875 -4.507812 1.515625 -3.375 C 1.171875 -2.4375 0.578125 -1.800781 -0.265625 -1.46875 C -1.109375 -1.144531 -2.066406 -1.179688 -3.140625 -1.578125 C -4.296875 -1.992188 -5.109375 -2.617188 -5.578125 -3.453125 C -6.054688 -4.296875 -6.117188 -5.210938 -5.765625 -6.203125 Z M -5.75 -6.140625 Z M -7.828125 -8.5 L -6.609375 -6.109375 L -6.9375 -5.203125 L -8.359375 -7.046875 Z "/>
</symbol>
<symbol overflow="visible" id="glyph1-24">
<path style="stroke:none;" d="M 1.75 0.28125 L 2.25 -1.078125 L -7.953125 -4.78125 L -8.453125 -3.421875 L -9.390625 -3.765625 L -8.484375 -6.234375 L 3.59375 -1.84375 L 2.6875 0.625 Z "/>
</symbol>
<symbol overflow="visible" id="glyph1-25">
<path style="stroke:none;" d="M -5.671875 -6.28125 C -5.492188 -6.769531 -5.207031 -7.195312 -4.8125 -7.5625 C -4.425781 -7.9375 -4.003906 -8.179688 -3.546875 -8.296875 C -3.117188 -8.398438 -2.65625 -8.40625 -2.15625 -8.3125 C -1.820312 -8.257812 -1.304688 -8.101562 -0.609375 -7.84375 L -2.4375 -2.8125 C -1.75 -2.582031 -1.132812 -2.546875 -0.59375 -2.703125 C -0.0625 -2.859375 0.316406 -3.257812 0.546875 -3.90625 C 0.773438 -4.507812 0.757812 -5.0625 0.5 -5.5625 C 0.34375 -5.863281 0.125 -6.101562 -0.15625 -6.28125 L 0.265625 -7.4375 C 0.503906 -7.3125 0.742188 -7.109375 0.984375 -6.828125 C 1.234375 -6.546875 1.421875 -6.265625 1.546875 -5.984375 C 1.753906 -5.503906 1.828125 -4.988281 1.765625 -4.4375 C 1.742188 -4.125 1.664062 -3.789062 1.53125 -3.4375 C 1.21875 -2.582031 0.644531 -1.972656 -0.1875 -1.609375 C -1.03125 -1.242188 -2.007812 -1.265625 -3.125 -1.671875 C -4.238281 -2.078125 -5.03125 -2.703125 -5.5 -3.546875 C -5.96875 -4.398438 -6.023438 -5.3125 -5.671875 -6.28125 Z M -1.984375 -7 C -2.492188 -7.132812 -2.929688 -7.175781 -3.296875 -7.125 C -3.953125 -7 -4.414062 -6.566406 -4.6875 -5.828125 C -4.882812 -5.296875 -4.859375 -4.78125 -4.609375 -4.28125 C -4.359375 -3.789062 -3.945312 -3.425781 -3.375 -3.1875 Z M -5.734375 -6.15625 Z M -7.796875 -8.5625 L -6.578125 -6.171875 L -6.90625 -5.28125 L -8.328125 -7.125 Z "/>
</symbol>
<symbol overflow="visible" id="glyph1-26">
<path style="stroke:none;" d="M -3.140625 -7.25 C -2.929688 -7.84375 -2.878906 -8.359375 -2.984375 -8.796875 C -3.097656 -9.242188 -3.46875 -9.582031 -4.09375 -9.8125 C -4.769531 -10.050781 -5.320312 -9.972656 -5.75 -9.578125 C -5.96875 -9.347656 -6.160156 -9.015625 -6.328125 -8.578125 L -7.453125 -5.46875 L -4.21875 -4.296875 Z M -9.015625 -4.59375 L -7.421875 -8.953125 C -7.160156 -9.679688 -6.84375 -10.234375 -6.46875 -10.609375 C -5.738281 -11.359375 -4.832031 -11.535156 -3.75 -11.140625 C -3.1875 -10.941406 -2.765625 -10.65625 -2.484375 -10.28125 C -2.210938 -9.914062 -2.046875 -9.484375 -1.984375 -8.984375 C -1.703125 -9.304688 -1.40625 -9.515625 -1.09375 -9.609375 C -0.78125 -9.703125 -0.34375 -9.660156 0.21875 -9.484375 L 1.5 -9.0625 C 1.851562 -8.957031 2.128906 -8.894531 2.328125 -8.875 C 2.648438 -8.832031 2.898438 -8.898438 3.078125 -9.078125 L 3.28125 -9 L 2.703125 -7.421875 C 2.597656 -7.410156 2.476562 -7.414062 2.34375 -7.4375 C 2.207031 -7.457031 1.953125 -7.523438 1.578125 -7.640625 L -0.015625 -8.140625 C -0.640625 -8.335938 -1.140625 -8.253906 -1.515625 -7.890625 C -1.710938 -7.691406 -1.910156 -7.332031 -2.109375 -6.8125 L -3.15625 -3.90625 L 0.890625 -2.4375 L 0.421875 -1.15625 Z "/>
</symbol>
<symbol overflow="visible" id="glyph1-27">
<path style="stroke:none;" d="M -9.078125 -4.40625 L -8.421875 -6.234375 L 0.546875 -6.03125 L -6.453125 -11.640625 L -5.796875 -13.453125 L 3.640625 -10.015625 L 3.203125 -8.796875 L -2.359375 -10.828125 C -2.554688 -10.890625 -2.875 -11.007812 -3.3125 -11.1875 C -3.75 -11.363281 -4.222656 -11.539062 -4.734375 -11.71875 L 2.234375 -6.140625 L 1.78125 -4.875 L -7.171875 -5.046875 L -6.890625 -4.953125 C -6.660156 -4.867188 -6.304688 -4.742188 -5.828125 -4.578125 C -5.347656 -4.410156 -4.992188 -4.289062 -4.765625 -4.21875 L 0.796875 -2.1875 L 0.359375 -0.96875 Z "/>
</symbol>
<symbol overflow="visible" id="glyph1-28">
<path style="stroke:none;" d="M -6.15625 -4.515625 L -1.578125 -2.859375 C -1.234375 -2.734375 -0.925781 -2.679688 -0.65625 -2.703125 C -0.175781 -2.753906 0.160156 -3.054688 0.359375 -3.609375 C 0.648438 -4.410156 0.5 -5.09375 -0.09375 -5.65625 C -0.4375 -5.957031 -0.941406 -6.226562 -1.609375 -6.46875 L -5 -7.703125 L -4.578125 -8.859375 L 2.3125 -6.359375 L 1.921875 -5.265625 L 0.90625 -5.65625 C 1.125 -5.394531 1.273438 -5.128906 1.359375 -4.859375 C 1.566406 -4.285156 1.554688 -3.679688 1.328125 -3.046875 C 0.960938 -2.066406 0.390625 -1.515625 -0.390625 -1.390625 C -0.816406 -1.335938 -1.320312 -1.414062 -1.90625 -1.625 L -6.59375 -3.328125 Z M -5.734375 -6.15625 Z "/>
</symbol>
<symbol overflow="visible" id="glyph1-29">
<path style="stroke:none;" d="M -9.15625 -4.3125 L -8.734375 -5.46875 L -5.21875 -4.1875 C -5.46875 -4.582031 -5.625 -4.914062 -5.6875 -5.1875 C -5.789062 -5.632812 -5.742188 -6.140625 -5.546875 -6.703125 C -5.179688 -7.703125 -4.582031 -8.253906 -3.75 -8.359375 C -3.3125 -8.410156 -2.753906 -8.3125 -2.078125 -8.0625 L 2.34375 -6.453125 L 1.921875 -5.265625 L -2.40625 -6.84375 C -2.914062 -7.03125 -3.316406 -7.101562 -3.609375 -7.0625 C -4.054688 -6.976562 -4.382812 -6.648438 -4.59375 -6.078125 C -4.769531 -5.597656 -4.757812 -5.101562 -4.5625 -4.59375 C -4.375 -4.09375 -3.828125 -3.675781 -2.921875 -3.34375 L 0.734375 -2.015625 L 0.3125 -0.859375 Z "/>
</symbol>
<symbol overflow="visible" id="glyph1-30">
<path style="stroke:none;" d="M -9.078125 -4.4375 L -8.609375 -5.71875 L -0.296875 -2.6875 L 1.453125 -7.46875 L 2.578125 -7.0625 L 0.359375 -1 Z "/>
</symbol>
<symbol overflow="visible" id="glyph1-31">
<path style="stroke:none;" d="M -2.78125 -2.796875 C -2.050781 -2.535156 -1.378906 -2.472656 -0.765625 -2.609375 C -0.148438 -2.742188 0.28125 -3.148438 0.53125 -3.828125 C 0.726562 -4.367188 0.660156 -4.894531 0.328125 -5.40625 C -0.00390625 -5.914062 -0.601562 -6.328125 -1.46875 -6.640625 C -2.34375 -6.953125 -3.050781 -7.003906 -3.59375 -6.796875 C -4.132812 -6.597656 -4.503906 -6.238281 -4.703125 -5.71875 C -4.910156 -5.144531 -4.859375 -4.59375 -4.546875 -4.0625 C -4.234375 -3.53125 -3.644531 -3.109375 -2.78125 -2.796875 Z M -5.796875 -5.859375 C -5.597656 -6.390625 -5.328125 -6.789062 -4.984375 -7.0625 C -4.773438 -7.226562 -4.460938 -7.382812 -4.046875 -7.53125 L -7.53125 -8.796875 L -7.125 -9.90625 L 2.34375 -6.453125 L 1.96875 -5.421875 L 1.015625 -5.765625 C 1.335938 -5.335938 1.523438 -4.90625 1.578125 -4.46875 C 1.640625 -4.03125 1.582031 -3.570312 1.40625 -3.09375 C 1.132812 -2.332031 0.578125 -1.785156 -0.265625 -1.453125 C -1.117188 -1.128906 -2.078125 -1.164062 -3.140625 -1.5625 C -4.148438 -1.925781 -4.929688 -2.492188 -5.484375 -3.265625 C -6.035156 -4.046875 -6.140625 -4.910156 -5.796875 -5.859375 Z "/>
</symbol>
<symbol overflow="visible" id="glyph1-32">
<path style="stroke:none;" d="M -6.390625 -3.875 L -0.46875 -3.234375 L -5.421875 -6.546875 L -4.953125 -7.84375 L 0.9375 -7.234375 L -3.9375 -10.609375 L -3.53125 -11.75 L 2.640625 -7.25 L 2.203125 -6.0625 L -3.640625 -6.59375 L 1.203125 -3.296875 L 0.765625 -2.09375 L -6.84375 -2.625 Z "/>
</symbol>
<symbol overflow="visible" id="glyph1-33">
<path style="stroke:none;" d="M -8.84375 -5.0625 L -0.53125 -4.046875 L -7.421875 -8.96875 L -6.921875 -10.375 L 1.53125 -9.703125 L -5.5 -14.265625 L -4.984375 -15.671875 L 3.546875 -9.765625 L 3.0625 -8.40625 L -5.5625 -9.078125 L 1.46875 -4.046875 L 0.984375 -2.703125 L -9.359375 -3.671875 Z "/>
</symbol>
<symbol overflow="visible" id="glyph1-34">
<path style="stroke:none;" d="M -7.515625 -4.015625 C -7.984375 -4.203125 -8.304688 -4.414062 -8.484375 -4.65625 C -8.773438 -5.070312 -8.78125 -5.664062 -8.5 -6.4375 C -8.476562 -6.5 -8.445312 -6.566406 -8.40625 -6.640625 C -8.375 -6.722656 -8.335938 -6.8125 -8.296875 -6.90625 L -7.234375 -6.53125 C -7.285156 -6.414062 -7.320312 -6.328125 -7.34375 -6.265625 C -7.375 -6.210938 -7.398438 -6.164062 -7.421875 -6.125 C -7.546875 -5.769531 -7.53125 -5.523438 -7.375 -5.390625 C -7.21875 -5.265625 -6.765625 -5.0625 -6.015625 -4.78125 L -5.59375 -5.921875 L -4.6875 -5.59375 L -5.109375 -4.4375 L 0.828125 -2.28125 L 0.40625 -1.125 L -5.53125 -3.28125 L -5.875 -2.328125 L -6.78125 -2.65625 L -6.4375 -3.609375 Z "/>
</symbol>
<symbol overflow="visible" id="glyph1-35">
<path style="stroke:none;" d="M -1.734375 -7.25 L -6.421875 -7.34375 L -2.8125 -4.296875 Z M -8.078125 -7.1875 L -7.546875 -8.640625 L 3.140625 -8.625 L 2.625 -7.203125 L -0.546875 -7.28125 L -1.90625 -3.5625 L 0.546875 -1.5 L 0.0625 -0.1875 Z M -7.828125 -7.84375 Z "/>
</symbol>
<symbol overflow="visible" id="glyph1-36">
<path style="stroke:none;" d="M -6.578125 -3.359375 L -6.15625 -4.5 L -5.171875 -4.140625 C -5.421875 -4.535156 -5.578125 -4.875 -5.640625 -5.15625 C -5.765625 -5.625 -5.738281 -6.101562 -5.5625 -6.59375 C -5.363281 -7.144531 -5.070312 -7.539062 -4.6875 -7.78125 C -4.46875 -7.90625 -4.175781 -7.992188 -3.8125 -8.046875 C -4.082031 -8.429688 -4.242188 -8.828125 -4.296875 -9.234375 C -4.347656 -9.648438 -4.296875 -10.070312 -4.140625 -10.5 C -3.796875 -11.4375 -3.234375 -11.953125 -2.453125 -12.046875 C -2.023438 -12.085938 -1.507812 -12 -0.90625 -11.78125 L 3.671875 -10.109375 L 3.234375 -8.890625 L -1.546875 -10.625 C -2.003906 -10.789062 -2.351562 -10.789062 -2.59375 -10.625 C -2.84375 -10.46875 -3.03125 -10.222656 -3.15625 -9.890625 C -3.320312 -9.441406 -3.3125 -9 -3.125 -8.5625 C -2.945312 -8.125 -2.507812 -7.773438 -1.8125 -7.515625 L 2.203125 -6.0625 L 1.78125 -4.890625 L -2.71875 -6.53125 C -3.1875 -6.695312 -3.539062 -6.757812 -3.78125 -6.71875 C -4.164062 -6.664062 -4.445312 -6.398438 -4.625 -5.921875 C -4.78125 -5.484375 -4.753906 -5.023438 -4.546875 -4.546875 C -4.347656 -4.066406 -3.804688 -3.664062 -2.921875 -3.34375 L 0.734375 -2.015625 L 0.3125 -0.859375 Z "/>
</symbol>
<symbol overflow="visible" id="glyph1-37">
<path style="stroke:none;" d="M 0.59375 -5.015625 C 0.75 -5.441406 0.832031 -5.820312 0.84375 -6.15625 C 0.851562 -6.707031 0.679688 -7.226562 0.328125 -7.71875 C 0.0351562 -8.101562 -0.382812 -8.457031 -0.9375 -8.78125 C -1.269531 -8.976562 -1.585938 -9.132812 -1.890625 -9.25 C -3.066406 -9.675781 -4.0625 -9.773438 -4.875 -9.546875 C -5.6875 -9.316406 -6.285156 -8.679688 -6.671875 -7.640625 L -7.484375 -5.375 L -0.234375 -2.734375 Z M -9.046875 -4.5 L -7.65625 -8.328125 C -7.1875 -9.617188 -6.363281 -10.457031 -5.1875 -10.84375 C -4.125 -11.175781 -2.941406 -11.101562 -1.640625 -10.625 C -0.640625 -10.257812 0.195312 -9.742188 0.875 -9.078125 C 2.0625 -7.890625 2.363281 -6.488281 1.78125 -4.875 L 0.390625 -1.0625 Z "/>
</symbol>
<symbol overflow="visible" id="glyph1-38">
<path style="stroke:none;" d="M -9.1875 -4.21875 L -8.78125 -5.328125 L -5.359375 -4.078125 C -5.585938 -4.453125 -5.726562 -4.847656 -5.78125 -5.265625 C -5.832031 -5.679688 -5.78125 -6.097656 -5.625 -6.515625 C -5.320312 -7.367188 -4.773438 -7.953125 -3.984375 -8.265625 C -3.203125 -8.578125 -2.234375 -8.523438 -1.078125 -8.109375 C 0.00390625 -7.710938 0.804688 -7.117188 1.328125 -6.328125 C 1.859375 -5.546875 1.953125 -4.6875 1.609375 -3.75 C 1.421875 -3.226562 1.132812 -2.835938 0.75 -2.578125 C 0.53125 -2.410156 0.207031 -2.269531 -0.21875 -2.15625 L 0.65625 -1.828125 L 0.28125 -0.765625 Z M 0.5625 -4.0625 C 0.78125 -4.6875 0.695312 -5.242188 0.3125 -5.734375 C -0.0625 -6.222656 -0.65625 -6.617188 -1.46875 -6.921875 C -2.1875 -7.179688 -2.835938 -7.238281 -3.421875 -7.09375 C -4.015625 -6.957031 -4.414062 -6.585938 -4.625 -5.984375 C -4.820312 -5.460938 -4.800781 -4.929688 -4.5625 -4.390625 C -4.320312 -3.859375 -3.753906 -3.429688 -2.859375 -3.109375 C -2.210938 -2.867188 -1.65625 -2.753906 -1.1875 -2.765625 C -0.320312 -2.804688 0.257812 -3.238281 0.5625 -4.0625 Z "/>
</symbol>
<symbol overflow="visible" id="glyph1-39">
<path style="stroke:none;" d="M -7.875 -8.515625 C -7.4375 -9.703125 -6.785156 -10.507812 -5.921875 -10.9375 C -5.054688 -11.375 -4.210938 -11.484375 -3.390625 -11.265625 L -3.84375 -10.015625 C -4.5 -10.097656 -5.082031 -9.992188 -5.59375 -9.703125 C -6.101562 -9.410156 -6.5 -8.878906 -6.78125 -8.109375 C -7.113281 -7.179688 -7.054688 -6.3125 -6.609375 -5.5 C -6.160156 -4.6875 -5.257812 -4.035156 -3.90625 -3.546875 C -2.800781 -3.140625 -1.8125 -3.070312 -0.9375 -3.34375 C -0.0625 -3.625 0.5625 -4.273438 0.9375 -5.296875 C 1.269531 -6.234375 1.164062 -7.082031 0.625 -7.84375 C 0.332031 -8.226562 -0.09375 -8.601562 -0.65625 -8.96875 L -0.21875 -10.203125 C 0.738281 -9.734375 1.441406 -9.066406 1.890625 -8.203125 C 2.429688 -7.148438 2.46875 -5.988281 2 -4.71875 C 1.601562 -3.625 0.9375 -2.828125 0 -2.328125 C -1.238281 -1.660156 -2.773438 -1.660156 -4.609375 -2.328125 C -6.003906 -2.835938 -7.007812 -3.625 -7.625 -4.6875 C -8.300781 -5.832031 -8.382812 -7.109375 -7.875 -8.515625 Z M -7.96875 -8.265625 Z "/>
</symbol>
<symbol overflow="visible" id="glyph1-40">
<path style="stroke:none;" d="M -7.828125 -8.59375 C -7.503906 -9.488281 -7.050781 -10.195312 -6.46875 -10.71875 C -5.632812 -11.476562 -4.566406 -11.738281 -3.265625 -11.5 L -3.71875 -10.234375 C -4.46875 -10.328125 -5.085938 -10.1875 -5.578125 -9.8125 C -6.078125 -9.445312 -6.457031 -8.894531 -6.71875 -8.15625 C -7.039062 -7.289062 -6.984375 -6.441406 -6.546875 -5.609375 C -6.109375 -4.773438 -5.238281 -4.117188 -3.9375 -3.640625 C -2.820312 -3.234375 -1.820312 -3.144531 -0.9375 -3.375 C -0.0507812 -3.613281 0.59375 -4.289062 1 -5.40625 C 1.300781 -6.257812 1.304688 -7.050781 1.015625 -7.78125 C 0.734375 -8.519531 0.0390625 -9.101562 -1.0625 -9.53125 L -2.140625 -6.5625 L -3.1875 -6.953125 L -1.6875 -11.09375 L 3.359375 -9.25 L 3.0625 -8.421875 L 1.734375 -8.5625 C 2.054688 -7.957031 2.25 -7.453125 2.3125 -7.046875 C 2.425781 -6.378906 2.328125 -5.609375 2.015625 -4.734375 C 1.609375 -3.617188 0.890625 -2.789062 -0.140625 -2.25 C -1.359375 -1.695312 -2.757812 -1.710938 -4.34375 -2.296875 C -5.914062 -2.867188 -7.015625 -3.753906 -7.640625 -4.953125 C -8.234375 -6.085938 -8.296875 -7.300781 -7.828125 -8.59375 Z M -7.90625 -8.40625 Z "/>
</symbol>
<symbol overflow="visible" id="glyph1-41">
<path style="stroke:none;" d="M -9.03125 -4.5625 L -6.640625 -11.109375 L -5.484375 -10.6875 L -7.40625 -5.421875 L -4.546875 -4.375 L -2.859375 -9 L -1.71875 -8.59375 L -3.40625 -3.96875 L 0.875 -2.40625 L 0.40625 -1.125 Z "/>
</symbol>
<symbol overflow="visible" id="glyph1-42">
<path style="stroke:none;" d="M -0.765625 -6.671875 C 0.0351562 -6.378906 0.613281 -6.03125 0.96875 -5.625 C 1.613281 -4.894531 1.710938 -3.921875 1.265625 -2.703125 C 1.003906 -1.992188 0.59375 -1.457031 0.03125 -1.09375 C -0.53125 -0.726562 -1.300781 -0.722656 -2.28125 -1.078125 L -2.96875 -1.328125 L -2.53125 -2.53125 L -1.84375 -2.28125 C -1.332031 -2.09375 -0.90625 -2.066406 -0.5625 -2.203125 C -0.226562 -2.335938 0.0234375 -2.644531 0.203125 -3.125 C 0.453125 -3.8125 0.378906 -4.347656 -0.015625 -4.734375 C -0.242188 -4.960938 -0.753906 -5.222656 -1.546875 -5.515625 L -7.84375 -7.8125 L -7.390625 -9.078125 Z "/>
</symbol>
<symbol overflow="visible" id="glyph1-43">
<path style="stroke:none;" d="M 0.59375 -4.046875 C 0.78125 -4.578125 0.710938 -5.101562 0.390625 -5.625 C 0.078125 -6.15625 -0.53125 -6.582031 -1.4375 -6.90625 C -1.976562 -7.101562 -2.472656 -7.195312 -2.921875 -7.1875 C -3.796875 -7.164062 -4.375 -6.757812 -4.65625 -5.96875 C -4.945312 -5.164062 -4.75 -4.46875 -4.0625 -3.875 C -3.695312 -3.539062 -3.1875 -3.257812 -2.53125 -3.03125 C -2 -2.832031 -1.515625 -2.75 -1.078125 -2.78125 C -0.253906 -2.820312 0.300781 -3.242188 0.59375 -4.046875 Z M -6.5625 -3.25 L -6.15625 -4.359375 L -5.25 -4.03125 C -5.476562 -4.382812 -5.628906 -4.726562 -5.703125 -5.0625 C -5.816406 -5.550781 -5.78125 -6.054688 -5.59375 -6.578125 C -5.300781 -7.359375 -4.753906 -7.910156 -3.953125 -8.234375 C -3.160156 -8.554688 -2.210938 -8.519531 -1.109375 -8.125 C 0.390625 -7.570312 1.316406 -6.789062 1.671875 -5.78125 C 1.898438 -5.132812 1.894531 -4.484375 1.65625 -3.828125 C 1.46875 -3.304688 1.195312 -2.90625 0.84375 -2.625 C 0.625 -2.476562 0.3125 -2.332031 -0.09375 -2.1875 L 3.4375 -0.90625 L 3.03125 0.234375 Z "/>
</symbol>
<symbol overflow="visible" id="glyph2-0">
<path style="stroke:none;" d="M 0 -0.453125 L -10.046875 -0.453125 L -10.046875 -8.421875 L 0 -8.421875 Z M -1.265625 -7.171875 L -8.78125 -7.171875 L -8.78125 -1.703125 L -1.265625 -1.703125 Z "/>
</symbol>
<symbol overflow="visible" id="glyph2-1">
<path style="stroke:none;" d="M -10.3125 -5.296875 C -10.3125 -6.566406 -9.976562 -7.550781 -9.3125 -8.25 C -8.644531 -8.957031 -7.882812 -9.347656 -7.03125 -9.421875 L -7.03125 -8.09375 C -7.675781 -7.945312 -8.1875 -7.648438 -8.5625 -7.203125 C -8.945312 -6.753906 -9.140625 -6.125 -9.140625 -5.3125 C -9.140625 -4.320312 -8.789062 -3.519531 -8.09375 -2.90625 C -7.394531 -2.300781 -6.328125 -2 -4.890625 -2 C -3.710938 -2 -2.757812 -2.273438 -2.03125 -2.828125 C -1.300781 -3.378906 -0.9375 -4.195312 -0.9375 -5.28125 C -0.9375 -6.28125 -1.320312 -7.046875 -2.09375 -7.578125 C -2.5 -7.847656 -3.03125 -8.054688 -3.6875 -8.203125 L -3.6875 -9.515625 C -2.632812 -9.398438 -1.75 -9.007812 -1.03125 -8.34375 C -0.164062 -7.550781 0.265625 -6.476562 0.265625 -5.125 C 0.265625 -3.957031 -0.0859375 -2.976562 -0.796875 -2.1875 C -1.734375 -1.132812 -3.175781 -0.609375 -5.125 -0.609375 C -6.601562 -0.609375 -7.816406 -1.003906 -8.765625 -1.796875 C -9.796875 -2.640625 -10.3125 -3.804688 -10.3125 -5.296875 Z M -10.3125 -5.03125 Z "/>
</symbol>
<symbol overflow="visible" id="glyph2-2">
<path style="stroke:none;" d="M -0.796875 -3.8125 C -0.796875 -4.625 -1.101562 -5.179688 -1.71875 -5.484375 C -2.332031 -5.785156 -3.019531 -5.9375 -3.78125 -5.9375 C -4.46875 -5.9375 -5.023438 -5.828125 -5.453125 -5.609375 C -6.117188 -5.265625 -6.453125 -4.671875 -6.453125 -3.828125 C -6.453125 -3.066406 -6.164062 -2.515625 -5.59375 -2.171875 C -5.019531 -1.835938 -4.328125 -1.671875 -3.515625 -1.671875 C -2.742188 -1.671875 -2.097656 -1.835938 -1.578125 -2.171875 C -1.054688 -2.515625 -0.796875 -3.0625 -0.796875 -3.8125 Z M -7.53125 -3.859375 C -7.53125 -4.796875 -7.210938 -5.585938 -6.578125 -6.234375 C -5.953125 -6.890625 -5.03125 -7.21875 -3.8125 -7.21875 C -2.632812 -7.21875 -1.660156 -6.929688 -0.890625 -6.359375 C -0.117188 -5.785156 0.265625 -4.894531 0.265625 -3.6875 C 0.265625 -2.6875 -0.0703125 -1.890625 -0.75 -1.296875 C -1.4375 -0.703125 -2.351562 -0.40625 -3.5 -0.40625 C -4.726562 -0.40625 -5.707031 -0.71875 -6.4375 -1.34375 C -7.164062 -1.96875 -7.53125 -2.804688 -7.53125 -3.859375 Z M -7.5 -3.8125 Z "/>
</symbol>
<symbol overflow="visible" id="glyph2-3">
<path style="stroke:none;" d="M -7.328125 -2.140625 L -2.46875 -2.140625 C -2.09375 -2.140625 -1.785156 -2.195312 -1.546875 -2.3125 C -1.109375 -2.53125 -0.890625 -2.9375 -0.890625 -3.53125 C -0.890625 -4.382812 -1.269531 -4.96875 -2.03125 -5.28125 C -2.445312 -5.445312 -3.007812 -5.53125 -3.71875 -5.53125 L -7.328125 -5.53125 L -7.328125 -6.765625 L 0 -6.765625 L 0 -5.609375 L -1.078125 -5.625 C -0.796875 -5.457031 -0.5625 -5.257812 -0.375 -5.03125 C 0.0078125 -4.5625 0.203125 -3.988281 0.203125 -3.3125 C 0.203125 -2.269531 -0.144531 -1.5625 -0.84375 -1.1875 C -1.21875 -0.976562 -1.71875 -0.875 -2.34375 -0.875 L -7.328125 -0.875 Z M -7.5 -3.828125 Z "/>
</symbol>
<symbol overflow="visible" id="glyph2-4">
<path style="stroke:none;" d="M -7.328125 -0.90625 L -7.328125 -2.078125 L -6.28125 -2.078125 C -6.707031 -2.421875 -7.015625 -2.785156 -7.203125 -3.171875 C -7.390625 -3.554688 -7.484375 -3.988281 -7.484375 -4.46875 C -7.484375 -5.5 -7.125 -6.195312 -6.40625 -6.5625 C -6 -6.769531 -5.429688 -6.875 -4.703125 -6.875 L 0 -6.875 L 0 -5.625 L -4.609375 -5.625 C -5.054688 -5.625 -5.414062 -5.554688 -5.6875 -5.421875 C -6.144531 -5.203125 -6.375 -4.804688 -6.375 -4.234375 C -6.375 -3.941406 -6.347656 -3.703125 -6.296875 -3.515625 C -6.191406 -3.179688 -5.988281 -2.882812 -5.6875 -2.625 C -5.445312 -2.414062 -5.195312 -2.28125 -4.9375 -2.21875 C -4.675781 -2.164062 -4.304688 -2.140625 -3.828125 -2.140625 L 0 -2.140625 L 0 -0.90625 Z M -7.5 -3.796875 Z "/>
</symbol>
<symbol overflow="visible" id="glyph2-5">
<path style="stroke:none;" d="M -9.359375 -1.15625 L -9.359375 -2.390625 L -7.328125 -2.390625 L -7.328125 -3.5625 L -6.3125 -3.5625 L -6.3125 -2.390625 L -1.53125 -2.390625 C -1.28125 -2.390625 -1.113281 -2.476562 -1.03125 -2.65625 C -0.976562 -2.75 -0.953125 -2.90625 -0.953125 -3.125 C -0.953125 -3.1875 -0.953125 -3.25 -0.953125 -3.3125 C -0.953125 -3.382812 -0.957031 -3.46875 -0.96875 -3.5625 L 0 -3.5625 C 0.0390625 -3.414062 0.0664062 -3.265625 0.078125 -3.109375 C 0.0976562 -2.960938 0.109375 -2.800781 0.109375 -2.625 C 0.109375 -2.050781 -0.0351562 -1.660156 -0.328125 -1.453125 C -0.617188 -1.253906 -1 -1.15625 -1.46875 -1.15625 L -6.3125 -1.15625 L -6.3125 -0.15625 L -7.328125 -0.15625 L -7.328125 -1.15625 Z "/>
</symbol>
<symbol overflow="visible" id="glyph3-0">
<path style="stroke:none;" d="M 1.359375 0 L 1.359375 -12.953125 L 11.78125 -12.953125 L 11.78125 0 Z M 10.171875 -1.625 L 10.171875 -11.34375 L 2.96875 -11.34375 L 2.96875 -1.625 Z "/>
</symbol>
<symbol overflow="visible" id="glyph3-1">
<path style="stroke:none;" d="M 4 -10.703125 L 4 -7.84375 L 7.1875 -7.84375 C 7.75 -7.84375 8.207031 -7.945312 8.5625 -8.15625 C 8.914062 -8.375 9.09375 -8.757812 9.09375 -9.3125 C 9.09375 -9.914062 8.859375 -10.3125 8.390625 -10.5 C 7.984375 -10.632812 7.46875 -10.703125 6.84375 -10.703125 Z M 4 -5.703125 L 4 -2.25 L 7.1875 -2.25 C 7.75 -2.25 8.191406 -2.328125 8.515625 -2.484375 C 9.085938 -2.765625 9.375 -3.300781 9.375 -4.09375 C 9.375 -4.769531 9.09375 -5.234375 8.53125 -5.484375 C 8.21875 -5.628906 7.78125 -5.703125 7.21875 -5.703125 Z M 7.703125 -12.953125 C 9.296875 -12.929688 10.421875 -12.472656 11.078125 -11.578125 C 11.484375 -11.023438 11.6875 -10.363281 11.6875 -9.59375 C 11.6875 -8.800781 11.484375 -8.164062 11.078125 -7.6875 C 10.859375 -7.414062 10.53125 -7.171875 10.09375 -6.953125 C 10.757812 -6.710938 11.257812 -6.332031 11.59375 -5.8125 C 11.9375 -5.289062 12.109375 -4.65625 12.109375 -3.90625 C 12.109375 -3.144531 11.910156 -2.457031 11.515625 -1.84375 C 11.273438 -1.4375 10.96875 -1.097656 10.59375 -0.828125 C 10.175781 -0.515625 9.6875 -0.296875 9.125 -0.171875 C 8.5625 -0.0546875 7.945312 0 7.28125 0 L 1.421875 0 L 1.421875 -12.953125 Z "/>
</symbol>
<symbol overflow="visible" id="glyph3-2">
<path style="stroke:none;" d="M 5.46875 -1.765625 C 6.195312 -1.765625 6.757812 -2.023438 7.15625 -2.546875 C 7.550781 -3.066406 7.75 -3.804688 7.75 -4.765625 C 7.75 -5.734375 7.550781 -6.472656 7.15625 -6.984375 C 6.757812 -7.503906 6.195312 -7.765625 5.46875 -7.765625 C 4.738281 -7.765625 4.175781 -7.503906 3.78125 -6.984375 C 3.382812 -6.472656 3.1875 -5.734375 3.1875 -4.765625 C 3.1875 -3.804688 3.382812 -3.066406 3.78125 -2.546875 C 4.175781 -2.023438 4.738281 -1.765625 5.46875 -1.765625 Z M 10.375 -4.765625 C 10.375 -3.359375 9.96875 -2.15625 9.15625 -1.15625 C 8.351562 -0.164062 7.125 0.328125 5.46875 0.328125 C 3.820312 0.328125 2.59375 -0.164062 1.78125 -1.15625 C 0.976562 -2.15625 0.578125 -3.359375 0.578125 -4.765625 C 0.578125 -6.148438 0.976562 -7.347656 1.78125 -8.359375 C 2.59375 -9.378906 3.820312 -9.890625 5.46875 -9.890625 C 7.125 -9.890625 8.351562 -9.378906 9.15625 -8.359375 C 9.96875 -7.347656 10.375 -6.148438 10.375 -4.765625 Z M 5.46875 -9.828125 Z "/>
</symbol>
<symbol overflow="visible" id="glyph3-3">
<path style="stroke:none;" d="M 3.671875 -9.578125 L 3.671875 -3.8125 C 3.671875 -3.257812 3.734375 -2.847656 3.859375 -2.578125 C 4.085938 -2.085938 4.535156 -1.84375 5.203125 -1.84375 C 6.054688 -1.84375 6.644531 -2.191406 6.96875 -2.890625 C 7.125 -3.265625 7.203125 -3.757812 7.203125 -4.375 L 7.203125 -9.578125 L 9.75 -9.578125 L 9.75 0 L 7.3125 0 L 7.3125 -1.359375 C 7.289062 -1.328125 7.234375 -1.238281 7.140625 -1.09375 C 7.046875 -0.945312 6.929688 -0.816406 6.796875 -0.703125 C 6.410156 -0.347656 6.03125 -0.109375 5.65625 0.015625 C 5.289062 0.148438 4.863281 0.21875 4.375 0.21875 C 2.957031 0.21875 2.003906 -0.289062 1.515625 -1.3125 C 1.234375 -1.875 1.09375 -2.707031 1.09375 -3.8125 L 1.09375 -9.578125 Z M 5.421875 -9.828125 Z "/>
</symbol>
<symbol overflow="visible" id="glyph3-4">
<path style="stroke:none;" d="M 3.734375 0 L 1.21875 0 L 1.21875 -12.953125 L 3.734375 -12.953125 Z "/>
</symbol>
<symbol overflow="visible" id="glyph3-5">
<path style="stroke:none;" d="M 4.953125 -7.765625 C 4.367188 -7.765625 3.914062 -7.582031 3.59375 -7.21875 C 3.28125 -6.863281 3.082031 -6.375 3 -5.75 L 6.890625 -5.75 C 6.847656 -6.40625 6.644531 -6.90625 6.28125 -7.25 C 5.925781 -7.59375 5.484375 -7.765625 4.953125 -7.765625 Z M 4.953125 -9.828125 C 5.742188 -9.828125 6.457031 -9.675781 7.09375 -9.375 C 7.738281 -9.082031 8.269531 -8.613281 8.6875 -7.96875 C 9.0625 -7.40625 9.300781 -6.75 9.40625 -6 C 9.476562 -5.550781 9.507812 -4.914062 9.5 -4.09375 L 2.9375 -4.09375 C 2.96875 -3.132812 3.269531 -2.460938 3.84375 -2.078125 C 4.1875 -1.835938 4.601562 -1.71875 5.09375 -1.71875 C 5.601562 -1.71875 6.019531 -1.863281 6.34375 -2.15625 C 6.519531 -2.3125 6.675781 -2.53125 6.8125 -2.8125 L 9.375 -2.8125 C 9.300781 -2.238281 9.003906 -1.660156 8.484375 -1.078125 C 7.660156 -0.148438 6.507812 0.3125 5.03125 0.3125 C 3.8125 0.3125 2.734375 -0.078125 1.796875 -0.859375 C 0.867188 -1.648438 0.40625 -2.925781 0.40625 -4.6875 C 0.40625 -6.351562 0.828125 -7.625 1.671875 -8.5 C 2.515625 -9.382812 3.609375 -9.828125 4.953125 -9.828125 Z M 5.125 -9.828125 Z "/>
</symbol>
<symbol overflow="visible" id="glyph3-6">
<path style="stroke:none;" d="M 0.625 -7.546875 L 0.625 -9.578125 L 8.390625 -9.578125 L 8.390625 -7.5 L 3.53125 -2.0625 L 8.5625 -2.0625 L 8.5625 0 L 0.296875 0 L 0.296875 -1.953125 L 5.203125 -7.546875 Z M 4.515625 -9.828125 Z "/>
</symbol>
<symbol overflow="visible" id="glyph3-7">
<path style="stroke:none;" d="M 1.03125 2.078125 C 1.539062 1.941406 1.910156 1.707031 2.140625 1.375 C 2.378906 1.050781 2.519531 0.59375 2.5625 0 L 1.03125 0 L 1.03125 -2.625 L 3.75 -2.625 L 3.75 -0.359375 C 3.75 0.046875 3.691406 0.460938 3.578125 0.890625 C 3.472656 1.328125 3.28125 1.703125 3 2.015625 C 2.6875 2.359375 2.320312 2.613281 1.90625 2.78125 C 1.488281 2.957031 1.195312 3.046875 1.03125 3.046875 Z "/>
</symbol>
<symbol overflow="visible" id="glyph3-8">
<path style="stroke:none;" d=""/>
</symbol>
<symbol overflow="visible" id="glyph3-9">
<path style="stroke:none;" d="M 8.671875 -8.828125 C 8.671875 -9.503906 8.492188 -9.984375 8.140625 -10.265625 C 7.785156 -10.554688 7.285156 -10.703125 6.640625 -10.703125 L 4.125 -10.703125 L 4.125 -6.890625 L 6.640625 -6.890625 C 7.285156 -6.890625 7.785156 -7.046875 8.140625 -7.359375 C 8.492188 -7.671875 8.671875 -8.160156 8.671875 -8.828125 Z M 11.34375 -8.84375 C 11.34375 -7.320312 10.957031 -6.242188 10.1875 -5.609375 C 9.414062 -4.972656 8.3125 -4.65625 6.875 -4.65625 L 4.125 -4.65625 L 4.125 0 L 1.4375 0 L 1.4375 -12.953125 L 7.078125 -12.953125 C 8.378906 -12.953125 9.414062 -12.617188 10.1875 -11.953125 C 10.957031 -11.285156 11.34375 -10.25 11.34375 -8.84375 Z "/>
</symbol>
<symbol overflow="visible" id="glyph3-10">
<path style="stroke:none;" d="M 3.75 -10.71875 L 1.203125 -10.71875 L 1.203125 -13.03125 L 3.75 -13.03125 Z M 1.203125 -9.578125 L 3.75 -9.578125 L 3.75 0 L 1.203125 0 Z "/>
</symbol>
<symbol overflow="visible" id="glyph3-11">
<path style="stroke:none;" d="M 6.375 -9.8125 C 6.414062 -9.8125 6.453125 -9.804688 6.484375 -9.796875 C 6.523438 -9.796875 6.597656 -9.796875 6.703125 -9.796875 L 6.703125 -7.21875 C 6.546875 -7.238281 6.40625 -7.25 6.28125 -7.25 C 6.15625 -7.257812 6.054688 -7.265625 5.984375 -7.265625 C 4.972656 -7.265625 4.296875 -6.9375 3.953125 -6.28125 C 3.765625 -5.914062 3.671875 -5.347656 3.671875 -4.578125 L 3.671875 0 L 1.140625 0 L 1.140625 -9.578125 L 3.53125 -9.578125 L 3.53125 -7.90625 C 3.914062 -8.550781 4.253906 -8.988281 4.546875 -9.21875 C 5.015625 -9.613281 5.625 -9.8125 6.375 -9.8125 Z "/>
</symbol>
</g>
<clipPath id="clip1">
  <path d="M 42.605469 25.007812 L 499 25.007812 L 499 168 L 42.605469 168 Z "/>
</clipPath>
<clipPath id="clip2">
  <path d="M 42.605469 138 L 499 138 L 499 140 L 42.605469 140 Z "/>
</clipPath>
<clipPath id="clip3">
  <path d="M 42.605469 95 L 499 95 L 499 97 L 42.605469 97 Z "/>
</clipPath>
<clipPath id="clip4">
  <path d="M 42.605469 52 L 499 52 L 499 54 L 42.605469 54 Z "/>
</clipPath>
<clipPath id="clip5">
  <path d="M 42.605469 160 L 499.519531 160 L 499.519531 162 L 42.605469 162 Z "/>
</clipPath>
<clipPath id="clip6">
  <path d="M 42.605469 117 L 499.519531 117 L 499.519531 119 L 42.605469 119 Z "/>
</clipPath>
<clipPath id="clip7">
  <path d="M 42.605469 74 L 499.519531 74 L 499.519531 76 L 42.605469 76 Z "/>
</clipPath>
<clipPath id="clip8">
  <path d="M 42.605469 30 L 499.519531 30 L 499.519531 33 L 42.605469 33 Z "/>
</clipPath>
<clipPath id="clip9">
  <path d="M 60 25.007812 L 62 25.007812 L 62 168 L 60 168 Z "/>
</clipPath>
<clipPath id="clip10">
  <path d="M 90 25.007812 L 92 25.007812 L 92 168 L 90 168 Z "/>
</clipPath>
<clipPath id="clip11">
  <path d="M 120 25.007812 L 122 25.007812 L 122 168 L 120 168 Z "/>
</clipPath>
<clipPath id="clip12">
  <path d="M 150 25.007812 L 152 25.007812 L 152 168 L 150 168 Z "/>
</clipPath>
<clipPath id="clip13">
  <path d="M 180 25.007812 L 182 25.007812 L 182 168 L 180 168 Z "/>
</clipPath>
<clipPath id="clip14">
  <path d="M 210 25.007812 L 212 25.007812 L 212 168 L 210 168 Z "/>
</clipPath>
<clipPath id="clip15">
  <path d="M 240 25.007812 L 242 25.007812 L 242 168 L 240 168 Z "/>
</clipPath>
<clipPath id="clip16">
  <path d="M 270 25.007812 L 272 25.007812 L 272 168 L 270 168 Z "/>
</clipPath>
<clipPath id="clip17">
  <path d="M 300 25.007812 L 302 25.007812 L 302 168 L 300 168 Z "/>
</clipPath>
<clipPath id="clip18">
  <path d="M 330 25.007812 L 332 25.007812 L 332 168 L 330 168 Z "/>
</clipPath>
<clipPath id="clip19">
  <path d="M 360 25.007812 L 362 25.007812 L 362 168 L 360 168 Z "/>
</clipPath>
<clipPath id="clip20">
  <path d="M 390 25.007812 L 392 25.007812 L 392 168 L 390 168 Z "/>
</clipPath>
<clipPath id="clip21">
  <path d="M 420 25.007812 L 422 25.007812 L 422 168 L 420 168 Z "/>
</clipPath>
<clipPath id="clip22">
  <path d="M 449 25.007812 L 452 25.007812 L 452 168 L 449 168 Z "/>
</clipPath>
<clipPath id="clip23">
  <path d="M 479 25.007812 L 482 25.007812 L 482 168 L 479 168 Z "/>
</clipPath>
</defs>
<g id="surface36">
<rect x="0" y="0" width="504" height="360" style="fill:rgb(100%,100%,100%);fill-opacity:1;stroke:none;"/>
<rect x="0" y="0" width="504" height="360" style="fill:rgb(100%,100%,100%);fill-opacity:1;stroke:none;"/>
<path style="fill:none;stroke-width:1.066978;stroke-linecap:round;stroke-linejoin:round;stroke:rgb(100%,100%,100%);stroke-opacity:1;stroke-miterlimit:10;" d="M 0 360 L 504 360 L 504 0 L 0 0 Z "/>
<g clip-path="url(#clip1)" clip-rule="nonzero">
<path style=" stroke:none;fill-rule:nonzero;fill:rgb(92.156863%,92.156863%,92.156863%);fill-opacity:1;" d="M 42.605469 167.203125 L 498.519531 167.203125 L 498.519531 25.007812 L 42.605469 25.007812 Z "/>
</g>
<g clip-path="url(#clip2)" clip-rule="nonzero">
<path style="fill:none;stroke-width:0.533489;stroke-linecap:butt;stroke-linejoin:round;stroke:rgb(100%,100%,100%);stroke-opacity:1;stroke-miterlimit:10;" d="M 42.605469 139.195312 L 498.519531 139.195312 "/>
</g>
<g clip-path="url(#clip3)" clip-rule="nonzero">
<path style="fill:none;stroke-width:0.533489;stroke-linecap:butt;stroke-linejoin:round;stroke:rgb(100%,100%,100%);stroke-opacity:1;stroke-miterlimit:10;" d="M 42.605469 96.105469 L 498.519531 96.105469 "/>
</g>
<g clip-path="url(#clip4)" clip-rule="nonzero">
<path style="fill:none;stroke-width:0.533489;stroke-linecap:butt;stroke-linejoin:round;stroke:rgb(100%,100%,100%);stroke-opacity:1;stroke-miterlimit:10;" d="M 42.605469 53.015625 L 498.519531 53.015625 "/>
</g>
<g clip-path="url(#clip5)" clip-rule="nonzero">
<path style="fill:none;stroke-width:1.066978;stroke-linecap:butt;stroke-linejoin:round;stroke:rgb(100%,100%,100%);stroke-opacity:1;stroke-miterlimit:10;" d="M 42.605469 160.742188 L 498.519531 160.742188 "/>
</g>
<g clip-path="url(#clip6)" clip-rule="nonzero">
<path style="fill:none;stroke-width:1.066978;stroke-linecap:butt;stroke-linejoin:round;stroke:rgb(100%,100%,100%);stroke-opacity:1;stroke-miterlimit:10;" d="M 42.605469 117.652344 L 498.519531 117.652344 "/>
</g>
<g clip-path="url(#clip7)" clip-rule="nonzero">
<path style="fill:none;stroke-width:1.066978;stroke-linecap:butt;stroke-linejoin:round;stroke:rgb(100%,100%,100%);stroke-opacity:1;stroke-miterlimit:10;" d="M 42.605469 74.5625 L 498.519531 74.5625 "/>
</g>
<g clip-path="url(#clip8)" clip-rule="nonzero">
<path style="fill:none;stroke-width:1.066978;stroke-linecap:butt;stroke-linejoin:round;stroke:rgb(100%,100%,100%);stroke-opacity:1;stroke-miterlimit:10;" d="M 42.605469 31.472656 L 498.519531 31.472656 "/>
</g>
<g clip-path="url(#clip9)" clip-rule="nonzero">
<path style="fill:none;stroke-width:1.066978;stroke-linecap:butt;stroke-linejoin:round;stroke:rgb(100%,100%,100%);stroke-opacity:1;stroke-miterlimit:10;" d="M 60.601562 167.203125 L 60.601562 25.007812 "/>
</g>
<g clip-path="url(#clip10)" clip-rule="nonzero">
<path style="fill:none;stroke-width:1.066978;stroke-linecap:butt;stroke-linejoin:round;stroke:rgb(100%,100%,100%);stroke-opacity:1;stroke-miterlimit:10;" d="M 90.597656 167.203125 L 90.597656 25.007812 "/>
</g>
<g clip-path="url(#clip11)" clip-rule="nonzero">
<path style="fill:none;stroke-width:1.066978;stroke-linecap:butt;stroke-linejoin:round;stroke:rgb(100%,100%,100%);stroke-opacity:1;stroke-miterlimit:10;" d="M 120.589844 167.203125 L 120.589844 25.007812 "/>
</g>
<g clip-path="url(#clip12)" clip-rule="nonzero">
<path style="fill:none;stroke-width:1.066978;stroke-linecap:butt;stroke-linejoin:round;stroke:rgb(100%,100%,100%);stroke-opacity:1;stroke-miterlimit:10;" d="M 150.585938 167.203125 L 150.585938 25.007812 "/>
</g>
<g clip-path="url(#clip13)" clip-rule="nonzero">
<path style="fill:none;stroke-width:1.066978;stroke-linecap:butt;stroke-linejoin:round;stroke:rgb(100%,100%,100%);stroke-opacity:1;stroke-miterlimit:10;" d="M 180.578125 167.203125 L 180.578125 25.007812 "/>
</g>
<g clip-path="url(#clip14)" clip-rule="nonzero">
<path style="fill:none;stroke-width:1.066978;stroke-linecap:butt;stroke-linejoin:round;stroke:rgb(100%,100%,100%);stroke-opacity:1;stroke-miterlimit:10;" d="M 210.574219 167.203125 L 210.574219 25.007812 "/>
</g>
<g clip-path="url(#clip15)" clip-rule="nonzero">
<path style="fill:none;stroke-width:1.066978;stroke-linecap:butt;stroke-linejoin:round;stroke:rgb(100%,100%,100%);stroke-opacity:1;stroke-miterlimit:10;" d="M 240.570312 167.203125 L 240.570312 25.007812 "/>
</g>
<g clip-path="url(#clip16)" clip-rule="nonzero">
<path style="fill:none;stroke-width:1.066978;stroke-linecap:butt;stroke-linejoin:round;stroke:rgb(100%,100%,100%);stroke-opacity:1;stroke-miterlimit:10;" d="M 270.5625 167.203125 L 270.5625 25.007812 "/>
</g>
<g clip-path="url(#clip17)" clip-rule="nonzero">
<path style="fill:none;stroke-width:1.066978;stroke-linecap:butt;stroke-linejoin:round;stroke:rgb(100%,100%,100%);stroke-opacity:1;stroke-miterlimit:10;" d="M 300.558594 167.203125 L 300.558594 25.007812 "/>
</g>
<g clip-path="url(#clip18)" clip-rule="nonzero">
<path style="fill:none;stroke-width:1.066978;stroke-linecap:butt;stroke-linejoin:round;stroke:rgb(100%,100%,100%);stroke-opacity:1;stroke-miterlimit:10;" d="M 330.550781 167.203125 L 330.550781 25.007812 "/>
</g>
<g clip-path="url(#clip19)" clip-rule="nonzero">
<path style="fill:none;stroke-width:1.066978;stroke-linecap:butt;stroke-linejoin:round;stroke:rgb(100%,100%,100%);stroke-opacity:1;stroke-miterlimit:10;" d="M 360.546875 167.203125 L 360.546875 25.007812 "/>
</g>
<g clip-path="url(#clip20)" clip-rule="nonzero">
<path style="fill:none;stroke-width:1.066978;stroke-linecap:butt;stroke-linejoin:round;stroke:rgb(100%,100%,100%);stroke-opacity:1;stroke-miterlimit:10;" d="M 390.539062 167.203125 L 390.539062 25.007812 "/>
</g>
<g clip-path="url(#clip21)" clip-rule="nonzero">
<path style="fill:none;stroke-width:1.066978;stroke-linecap:butt;stroke-linejoin:round;stroke:rgb(100%,100%,100%);stroke-opacity:1;stroke-miterlimit:10;" d="M 420.535156 167.203125 L 420.535156 25.007812 "/>
</g>
<g clip-path="url(#clip22)" clip-rule="nonzero">
<path style="fill:none;stroke-width:1.066978;stroke-linecap:butt;stroke-linejoin:round;stroke:rgb(100%,100%,100%);stroke-opacity:1;stroke-miterlimit:10;" d="M 450.53125 167.203125 L 450.53125 25.007812 "/>
</g>
<g clip-path="url(#clip23)" clip-rule="nonzero">
<path style="fill:none;stroke-width:1.066978;stroke-linecap:butt;stroke-linejoin:round;stroke:rgb(100%,100%,100%);stroke-opacity:1;stroke-miterlimit:10;" d="M 480.523438 167.203125 L 480.523438 25.007812 "/>
</g>
<path style=" stroke:none;fill-rule:nonzero;fill:rgb(34.901961%,34.901961%,34.901961%);fill-opacity:1;" d="M 47.105469 160.742188 L 74.101562 160.742188 L 74.101562 31.472656 L 47.105469 31.472656 Z "/>
<path style=" stroke:none;fill-rule:nonzero;fill:rgb(34.901961%,34.901961%,34.901961%);fill-opacity:1;" d="M 77.097656 160.742188 L 104.09375 160.742188 L 104.09375 42.246094 L 77.097656 42.246094 Z "/>
<path style=" stroke:none;fill-rule:nonzero;fill:rgb(34.901961%,34.901961%,34.901961%);fill-opacity:1;" d="M 107.09375 160.742188 L 134.089844 160.742188 L 134.089844 70.253906 L 107.09375 70.253906 Z "/>
<path style=" stroke:none;fill-rule:nonzero;fill:rgb(34.901961%,34.901961%,34.901961%);fill-opacity:1;" d="M 137.085938 160.742188 L 164.082031 160.742188 L 164.082031 70.253906 L 137.085938 70.253906 Z "/>
<path style=" stroke:none;fill-rule:nonzero;fill:rgb(34.901961%,34.901961%,34.901961%);fill-opacity:1;" d="M 167.082031 160.742188 L 194.078125 160.742188 L 194.078125 85.335938 L 167.082031 85.335938 Z "/>
<path style=" stroke:none;fill-rule:nonzero;fill:rgb(34.901961%,34.901961%,34.901961%);fill-opacity:1;" d="M 197.078125 160.742188 L 224.074219 160.742188 L 224.074219 87.488281 L 197.078125 87.488281 Z "/>
<path style=" stroke:none;fill-rule:nonzero;fill:rgb(34.901961%,34.901961%,34.901961%);fill-opacity:1;" d="M 227.070312 160.742188 L 254.066406 160.742188 L 254.066406 96.109375 L 227.070312 96.109375 Z "/>
<path style=" stroke:none;fill-rule:nonzero;fill:rgb(34.901961%,34.901961%,34.901961%);fill-opacity:1;" d="M 257.066406 160.742188 L 284.0625 160.742188 L 284.0625 96.109375 L 257.066406 96.109375 Z "/>
<path style=" stroke:none;fill-rule:nonzero;fill:rgb(34.901961%,34.901961%,34.901961%);fill-opacity:1;" d="M 287.058594 160.742188 L 314.054688 160.742188 L 314.054688 98.261719 L 287.058594 98.261719 Z "/>
<path style=" stroke:none;fill-rule:nonzero;fill:rgb(34.901961%,34.901961%,34.901961%);fill-opacity:1;" d="M 317.054688 160.742188 L 344.050781 160.742188 L 344.050781 100.417969 L 317.054688 100.417969 Z "/>
<path style=" stroke:none;fill-rule:nonzero;fill:rgb(34.901961%,34.901961%,34.901961%);fill-opacity:1;" d="M 347.046875 160.742188 L 374.042969 160.742188 L 374.042969 100.417969 L 347.046875 100.417969 Z "/>
<path style=" stroke:none;fill-rule:nonzero;fill:rgb(34.901961%,34.901961%,34.901961%);fill-opacity:1;" d="M 377.042969 160.742188 L 404.039062 160.742188 L 404.039062 102.570312 L 377.042969 102.570312 Z "/>
<path style=" stroke:none;fill-rule:nonzero;fill:rgb(34.901961%,34.901961%,34.901961%);fill-opacity:1;" d="M 407.039062 160.742188 L 434.035156 160.742188 L 434.035156 106.878906 L 407.039062 106.878906 Z "/>
<path style=" stroke:none;fill-rule:nonzero;fill:rgb(34.901961%,34.901961%,34.901961%);fill-opacity:1;" d="M 437.03125 160.742188 L 464.027344 160.742188 L 464.027344 106.878906 L 437.03125 106.878906 Z "/>
<path style=" stroke:none;fill-rule:nonzero;fill:rgb(34.901961%,34.901961%,34.901961%);fill-opacity:1;" d="M 467.027344 160.742188 L 494.023438 160.742188 L 494.023438 119.808594 L 467.027344 119.808594 Z "/>
<g style="fill:rgb(30.196078%,30.196078%,30.196078%);fill-opacity:1;">
  <use xlink:href="#glyph0-1" x="29.890625" y="165.765625"/>
</g>
<g style="fill:rgb(30.196078%,30.196078%,30.196078%);fill-opacity:1;">
  <use xlink:href="#glyph0-2" x="22.105469" y="122.675781"/>
  <use xlink:href="#glyph0-1" x="29.891602" y="122.675781"/>
</g>
<g style="fill:rgb(30.196078%,30.196078%,30.196078%);fill-opacity:1;">
  <use xlink:href="#glyph0-3" x="22.105469" y="79.585938"/>
  <use xlink:href="#glyph0-1" x="29.891602" y="79.585938"/>
</g>
<g style="fill:rgb(30.196078%,30.196078%,30.196078%);fill-opacity:1;">
  <use xlink:href="#glyph0-4" x="22.105469" y="36.496094"/>
  <use xlink:href="#glyph0-1" x="29.891602" y="36.496094"/>
</g>
<path style="fill:none;stroke-width:1.066978;stroke-linecap:butt;stroke-linejoin:round;stroke:rgb(20%,20%,20%);stroke-opacity:1;stroke-miterlimit:10;" d="M 39.867188 160.742188 L 42.605469 160.742188 "/>
<path style="fill:none;stroke-width:1.066978;stroke-linecap:butt;stroke-linejoin:round;stroke:rgb(20%,20%,20%);stroke-opacity:1;stroke-miterlimit:10;" d="M 39.867188 117.652344 L 42.605469 117.652344 "/>
<path style="fill:none;stroke-width:1.066978;stroke-linecap:butt;stroke-linejoin:round;stroke:rgb(20%,20%,20%);stroke-opacity:1;stroke-miterlimit:10;" d="M 39.867188 74.5625 L 42.605469 74.5625 "/>
<path style="fill:none;stroke-width:1.066978;stroke-linecap:butt;stroke-linejoin:round;stroke:rgb(20%,20%,20%);stroke-opacity:1;stroke-miterlimit:10;" d="M 39.867188 31.472656 L 42.605469 31.472656 "/>
<path style="fill:none;stroke-width:1.066978;stroke-linecap:butt;stroke-linejoin:round;stroke:rgb(20%,20%,20%);stroke-opacity:1;stroke-miterlimit:10;" d="M 60.601562 169.945312 L 60.601562 167.203125 "/>
<path style="fill:none;stroke-width:1.066978;stroke-linecap:butt;stroke-linejoin:round;stroke:rgb(20%,20%,20%);stroke-opacity:1;stroke-miterlimit:10;" d="M 90.597656 169.945312 L 90.597656 167.203125 "/>
<path style="fill:none;stroke-width:1.066978;stroke-linecap:butt;stroke-linejoin:round;stroke:rgb(20%,20%,20%);stroke-opacity:1;stroke-miterlimit:10;" d="M 120.589844 169.945312 L 120.589844 167.203125 "/>
<path style="fill:none;stroke-width:1.066978;stroke-linecap:butt;stroke-linejoin:round;stroke:rgb(20%,20%,20%);stroke-opacity:1;stroke-miterlimit:10;" d="M 150.585938 169.945312 L 150.585938 167.203125 "/>
<path style="fill:none;stroke-width:1.066978;stroke-linecap:butt;stroke-linejoin:round;stroke:rgb(20%,20%,20%);stroke-opacity:1;stroke-miterlimit:10;" d="M 180.578125 169.945312 L 180.578125 167.203125 "/>
<path style="fill:none;stroke-width:1.066978;stroke-linecap:butt;stroke-linejoin:round;stroke:rgb(20%,20%,20%);stroke-opacity:1;stroke-miterlimit:10;" d="M 210.574219 169.945312 L 210.574219 167.203125 "/>
<path style="fill:none;stroke-width:1.066978;stroke-linecap:butt;stroke-linejoin:round;stroke:rgb(20%,20%,20%);stroke-opacity:1;stroke-miterlimit:10;" d="M 240.570312 169.945312 L 240.570312 167.203125 "/>
<path style="fill:none;stroke-width:1.066978;stroke-linecap:butt;stroke-linejoin:round;stroke:rgb(20%,20%,20%);stroke-opacity:1;stroke-miterlimit:10;" d="M 270.5625 169.945312 L 270.5625 167.203125 "/>
<path style="fill:none;stroke-width:1.066978;stroke-linecap:butt;stroke-linejoin:round;stroke:rgb(20%,20%,20%);stroke-opacity:1;stroke-miterlimit:10;" d="M 300.558594 169.945312 L 300.558594 167.203125 "/>
<path style="fill:none;stroke-width:1.066978;stroke-linecap:butt;stroke-linejoin:round;stroke:rgb(20%,20%,20%);stroke-opacity:1;stroke-miterlimit:10;" d="M 330.550781 169.945312 L 330.550781 167.203125 "/>
<path style="fill:none;stroke-width:1.066978;stroke-linecap:butt;stroke-linejoin:round;stroke:rgb(20%,20%,20%);stroke-opacity:1;stroke-miterlimit:10;" d="M 360.546875 169.945312 L 360.546875 167.203125 "/>
<path style="fill:none;stroke-width:1.066978;stroke-linecap:butt;stroke-linejoin:round;stroke:rgb(20%,20%,20%);stroke-opacity:1;stroke-miterlimit:10;" d="M 390.539062 169.945312 L 390.539062 167.203125 "/>
<path style="fill:none;stroke-width:1.066978;stroke-linecap:butt;stroke-linejoin:round;stroke:rgb(20%,20%,20%);stroke-opacity:1;stroke-miterlimit:10;" d="M 420.535156 169.945312 L 420.535156 167.203125 "/>
<path style="fill:none;stroke-width:1.066978;stroke-linecap:butt;stroke-linejoin:round;stroke:rgb(20%,20%,20%);stroke-opacity:1;stroke-miterlimit:10;" d="M 450.53125 169.945312 L 450.53125 167.203125 "/>
<path style="fill:none;stroke-width:1.066978;stroke-linecap:butt;stroke-linejoin:round;stroke:rgb(20%,20%,20%);stroke-opacity:1;stroke-miterlimit:10;" d="M 480.523438 169.945312 L 480.523438 167.203125 "/>
<g style="fill:rgb(30.196078%,30.196078%,30.196078%);fill-opacity:1;">
  <use xlink:href="#glyph1-1" x="37.046875" y="266.226562"/>
  <use xlink:href="#glyph1-2" x="40.240622" y="257.451816"/>
  <use xlink:href="#glyph1-3" x="41.57096" y="253.796742"/>
  <use xlink:href="#glyph1-4" x="43.165495" y="249.415792"/>
  <use xlink:href="#glyph1-5" x="45.828509" y="242.09922"/>
  <use xlink:href="#glyph1-6" x="48.22265" y="235.521372"/>
  <use xlink:href="#glyph1-7" x="49.286453" y="232.598598"/>
  <use xlink:href="#glyph1-8" x="51.949468" y="225.282026"/>
  <use xlink:href="#glyph1-9" x="54.343609" y="218.704178"/>
  <use xlink:href="#glyph1-10" x="56.73775" y="212.126329"/>
  <use xlink:href="#glyph1-11" x="59.131891" y="205.548481"/>
  <use xlink:href="#glyph1-12" x="60.462229" y="201.893407"/>
  <use xlink:href="#glyph1-13" x="61.792567" y="198.238333"/>
  <use xlink:href="#glyph1-14" x="63.122905" y="194.583259"/>
  <use xlink:href="#glyph1-15" x="65.785919" y="187.266688"/>
  <use xlink:href="#glyph1-3" x="68.448933" y="179.950116"/>
</g>
<g style="fill:rgb(30.196078%,30.196078%,30.196078%);fill-opacity:1;">
  <use xlink:href="#glyph1-16" x="68.640625" y="261.839844"/>
  <use xlink:href="#glyph1-17" x="71.834372" y="253.065097"/>
  <use xlink:href="#glyph1-3" x="74.497386" y="245.748525"/>
  <use xlink:href="#glyph1-18" x="76.091921" y="241.367576"/>
  <use xlink:href="#glyph1-6" x="77.155724" y="238.444801"/>
  <use xlink:href="#glyph1-15" x="78.219527" y="235.522027"/>
  <use xlink:href="#glyph1-19" x="80.882541" y="228.205455"/>
  <use xlink:href="#glyph1-11" x="83.276682" y="221.627607"/>
  <use xlink:href="#glyph1-12" x="84.60702" y="217.972533"/>
  <use xlink:href="#glyph1-20" x="85.937359" y="214.317459"/>
  <use xlink:href="#glyph1-17" x="89.395302" y="204.816836"/>
  <use xlink:href="#glyph1-21" x="92.058317" y="197.500265"/>
  <use xlink:href="#glyph1-2" x="94.452458" y="190.922416"/>
  <use xlink:href="#glyph1-15" x="95.782796" y="187.267342"/>
  <use xlink:href="#glyph1-3" x="98.44581" y="179.950771"/>
</g>
<g style="fill:rgb(30.196078%,30.196078%,30.196078%);fill-opacity:1;">
  <use xlink:href="#glyph1-16" x="86.117187" y="296.21875"/>
  <use xlink:href="#glyph1-4" x="89.310934" y="287.444003"/>
  <use xlink:href="#glyph1-3" x="91.973948" y="280.127432"/>
  <use xlink:href="#glyph1-2" x="93.568484" y="275.746482"/>
  <use xlink:href="#glyph1-15" x="94.898822" y="272.091408"/>
  <use xlink:href="#glyph1-9" x="97.561836" y="264.774836"/>
  <use xlink:href="#glyph1-12" x="99.955977" y="258.196988"/>
  <use xlink:href="#glyph1-22" x="101.286315" y="254.541914"/>
  <use xlink:href="#glyph1-16" x="102.616653" y="250.88684"/>
  <use xlink:href="#glyph1-4" x="105.8104" y="242.112093"/>
  <use xlink:href="#glyph1-3" x="108.473414" y="234.795522"/>
  <use xlink:href="#glyph1-2" x="110.06795" y="230.414572"/>
  <use xlink:href="#glyph1-23" x="111.398288" y="226.759498"/>
  <use xlink:href="#glyph1-9" x="114.061302" y="219.442926"/>
  <use xlink:href="#glyph1-24" x="116.455443" y="212.865078"/>
  <use xlink:href="#glyph1-11" x="117.785781" y="209.210004"/>
  <use xlink:href="#glyph1-12" x="119.116119" y="205.55493"/>
  <use xlink:href="#glyph1-16" x="120.446457" y="201.899856"/>
  <use xlink:href="#glyph1-25" x="123.640204" y="193.125109"/>
  <use xlink:href="#glyph1-18" x="126.303218" y="185.808538"/>
  <use xlink:href="#glyph1-4" x="127.367021" y="182.885763"/>
</g>
<g style="fill:rgb(30.196078%,30.196078%,30.196078%);fill-opacity:1;">
  <use xlink:href="#glyph1-26" x="128.09375" y="263.304688"/>
  <use xlink:href="#glyph1-4" x="131.551694" y="253.804065"/>
  <use xlink:href="#glyph1-5" x="134.214708" y="246.487493"/>
  <use xlink:href="#glyph1-17" x="136.608849" y="239.909645"/>
  <use xlink:href="#glyph1-18" x="139.271863" y="232.593073"/>
  <use xlink:href="#glyph1-11" x="140.335666" y="229.670299"/>
  <use xlink:href="#glyph1-12" x="141.666004" y="226.015225"/>
  <use xlink:href="#glyph1-27" x="142.996343" y="222.360151"/>
  <use xlink:href="#glyph1-4" x="146.985019" y="211.401353"/>
  <use xlink:href="#glyph1-28" x="149.648033" y="204.084781"/>
  <use xlink:href="#glyph1-3" x="152.311047" y="196.76821"/>
  <use xlink:href="#glyph1-6" x="153.905583" y="192.38726"/>
  <use xlink:href="#glyph1-21" x="154.969386" y="189.464486"/>
  <use xlink:href="#glyph1-17" x="157.363527" y="182.886637"/>
</g>
<g style="fill:rgb(30.196078%,30.196078%,30.196078%);fill-opacity:1;">
  <use xlink:href="#glyph1-16" x="140.238281" y="312.34375"/>
  <use xlink:href="#glyph1-17" x="143.432028" y="303.569003"/>
  <use xlink:href="#glyph1-17" x="146.095042" y="296.252432"/>
  <use xlink:href="#glyph1-2" x="148.758056" y="288.93586"/>
  <use xlink:href="#glyph1-29" x="150.088395" y="285.280786"/>
  <use xlink:href="#glyph1-15" x="152.751409" y="277.964215"/>
  <use xlink:href="#glyph1-5" x="155.414423" y="270.647643"/>
  <use xlink:href="#glyph1-17" x="157.808564" y="264.069795"/>
  <use xlink:href="#glyph1-7" x="160.471578" y="256.753223"/>
  <use xlink:href="#glyph1-11" x="163.134593" y="249.436652"/>
  <use xlink:href="#glyph1-12" x="164.464931" y="245.781578"/>
  <use xlink:href="#glyph1-30" x="165.795269" y="242.126504"/>
  <use xlink:href="#glyph1-28" x="168.458283" y="234.809932"/>
  <use xlink:href="#glyph1-31" x="171.121297" y="227.493361"/>
  <use xlink:href="#glyph1-32" x="173.784312" y="220.176789"/>
  <use xlink:href="#glyph1-6" x="177.242256" y="210.676166"/>
  <use xlink:href="#glyph1-14" x="178.306058" y="207.753392"/>
  <use xlink:href="#glyph1-12" x="180.969073" y="200.43682"/>
  <use xlink:href="#glyph1-5" x="182.299411" y="196.781746"/>
  <use xlink:href="#glyph1-4" x="184.693552" y="190.203898"/>
  <use xlink:href="#glyph1-7" x="187.356566" y="182.887326"/>
</g>
<g style="fill:rgb(30.196078%,30.196078%,30.196078%);fill-opacity:1;">
  <use xlink:href="#glyph1-27" x="160.933594" y="337.898438"/>
  <use xlink:href="#glyph1-15" x="164.92227" y="326.939639"/>
  <use xlink:href="#glyph1-19" x="167.585284" y="319.623068"/>
  <use xlink:href="#glyph1-4" x="169.979425" y="313.045219"/>
  <use xlink:href="#glyph1-3" x="172.64244" y="305.728648"/>
  <use xlink:href="#glyph1-2" x="174.236975" y="301.347698"/>
  <use xlink:href="#glyph1-11" x="175.567313" y="297.692624"/>
  <use xlink:href="#glyph1-12" x="176.897651" y="294.03755"/>
  <use xlink:href="#glyph1-33" x="178.227989" y="290.382476"/>
  <use xlink:href="#glyph1-15" x="182.747398" y="277.965503"/>
  <use xlink:href="#glyph1-18" x="185.410412" y="270.648931"/>
  <use xlink:href="#glyph1-34" x="186.474215" y="267.726157"/>
  <use xlink:href="#glyph1-14" x="187.804553" y="264.071083"/>
  <use xlink:href="#glyph1-4" x="190.467568" y="256.754511"/>
  <use xlink:href="#glyph1-7" x="193.130582" y="249.43794"/>
  <use xlink:href="#glyph1-14" x="195.793596" y="242.121368"/>
  <use xlink:href="#glyph1-12" x="198.45661" y="234.804797"/>
  <use xlink:href="#glyph1-35" x="199.786948" y="231.149723"/>
  <use xlink:href="#glyph1-36" x="202.980695" y="222.374976"/>
  <use xlink:href="#glyph1-4" x="206.969371" y="211.416178"/>
  <use xlink:href="#glyph1-31" x="209.632386" y="204.099606"/>
  <use xlink:href="#glyph1-17" x="212.2954" y="196.783035"/>
  <use xlink:href="#glyph1-28" x="214.958414" y="189.466463"/>
  <use xlink:href="#glyph1-8" x="217.621428" y="182.149892"/>
</g>
<g style="fill:rgb(30.196078%,30.196078%,30.196078%);fill-opacity:1;">
  <use xlink:href="#glyph1-37" x="213.542969" y="275.753906"/>
  <use xlink:href="#glyph1-17" x="217.000913" y="266.253283"/>
  <use xlink:href="#glyph1-38" x="219.663927" y="258.936712"/>
  <use xlink:href="#glyph1-28" x="222.326941" y="251.62014"/>
  <use xlink:href="#glyph1-8" x="224.989955" y="244.303569"/>
  <use xlink:href="#glyph1-8" x="227.384096" y="237.725721"/>
  <use xlink:href="#glyph1-10" x="229.778237" y="231.147872"/>
  <use xlink:href="#glyph1-11" x="232.172378" y="224.570024"/>
  <use xlink:href="#glyph1-12" x="233.502717" y="220.91495"/>
  <use xlink:href="#glyph1-39" x="234.833055" y="217.259876"/>
  <use xlink:href="#glyph1-18" x="238.290999" y="207.759253"/>
  <use xlink:href="#glyph1-4" x="239.354801" y="204.836479"/>
  <use xlink:href="#glyph1-28" x="242.017816" y="197.519907"/>
  <use xlink:href="#glyph1-31" x="244.68083" y="190.203336"/>
  <use xlink:href="#glyph1-17" x="247.343844" y="182.886764"/>
</g>
<g style="fill:rgb(30.196078%,30.196078%,30.196078%);fill-opacity:1;">
  <use xlink:href="#glyph1-27" x="247.539062" y="264.769531"/>
  <use xlink:href="#glyph1-4" x="251.527739" y="253.810733"/>
  <use xlink:href="#glyph1-29" x="254.190753" y="246.494162"/>
  <use xlink:href="#glyph1-18" x="256.853767" y="239.17759"/>
  <use xlink:href="#glyph1-17" x="257.91757" y="236.254816"/>
  <use xlink:href="#glyph1-3" x="260.580584" y="228.938244"/>
  <use xlink:href="#glyph1-11" x="262.17512" y="224.557294"/>
  <use xlink:href="#glyph1-12" x="263.505458" y="220.90222"/>
  <use xlink:href="#glyph1-40" x="264.835796" y="217.247146"/>
  <use xlink:href="#glyph1-28" x="268.560275" y="207.014224"/>
  <use xlink:href="#glyph1-8" x="271.223289" y="199.697653"/>
  <use xlink:href="#glyph1-2" x="273.61743" y="193.119804"/>
  <use xlink:href="#glyph1-4" x="274.947769" y="189.46473"/>
  <use xlink:href="#glyph1-5" x="277.610783" y="182.148159"/>
</g>
<g style="fill:rgb(30.196078%,30.196078%,30.196078%);fill-opacity:1;">
  <use xlink:href="#glyph1-33" x="269.007812" y="288.191406"/>
  <use xlink:href="#glyph1-17" x="273.527221" y="275.774433"/>
  <use xlink:href="#glyph1-38" x="276.190236" y="268.457861"/>
  <use xlink:href="#glyph1-17" x="278.85325" y="261.14129"/>
  <use xlink:href="#glyph1-3" x="281.516264" y="253.824718"/>
  <use xlink:href="#glyph1-7" x="283.110799" y="249.443768"/>
  <use xlink:href="#glyph1-11" x="285.773814" y="242.127197"/>
  <use xlink:href="#glyph1-12" x="287.104152" y="238.472123"/>
  <use xlink:href="#glyph1-35" x="288.43449" y="234.817049"/>
  <use xlink:href="#glyph1-7" x="291.628237" y="226.042302"/>
  <use xlink:href="#glyph1-2" x="294.291251" y="218.72573"/>
  <use xlink:href="#glyph1-15" x="295.621589" y="215.070657"/>
  <use xlink:href="#glyph1-7" x="298.284603" y="207.754085"/>
  <use xlink:href="#glyph1-12" x="300.947617" y="200.437513"/>
  <use xlink:href="#glyph1-5" x="302.277956" y="196.782439"/>
  <use xlink:href="#glyph1-15" x="304.672097" y="190.204591"/>
  <use xlink:href="#glyph1-7" x="307.335111" y="182.88802"/>
</g>
<g style="fill:rgb(30.196078%,30.196078%,30.196078%);fill-opacity:1;">
  <use xlink:href="#glyph1-1" x="305.925781" y="269.164062"/>
  <use xlink:href="#glyph1-21" x="309.119528" y="260.389316"/>
  <use xlink:href="#glyph1-29" x="311.513669" y="253.811467"/>
  <use xlink:href="#glyph1-28" x="314.176683" y="246.494896"/>
  <use xlink:href="#glyph1-38" x="316.839697" y="239.178324"/>
  <use xlink:href="#glyph1-17" x="319.502712" y="231.861753"/>
  <use xlink:href="#glyph1-3" x="322.165726" y="224.545181"/>
  <use xlink:href="#glyph1-2" x="323.760261" y="220.164231"/>
  <use xlink:href="#glyph1-11" x="325.090599" y="216.509157"/>
  <use xlink:href="#glyph1-12" x="326.420938" y="212.854083"/>
  <use xlink:href="#glyph1-41" x="327.751276" y="209.199009"/>
  <use xlink:href="#glyph1-3" x="330.676149" y="201.162986"/>
  <use xlink:href="#glyph1-4" x="332.270684" y="196.782036"/>
  <use xlink:href="#glyph1-7" x="334.933699" y="189.465464"/>
  <use xlink:href="#glyph1-19" x="337.596713" y="182.148893"/>
</g>
<g style="fill:rgb(30.196078%,30.196078%,30.196078%);fill-opacity:1;">
  <use xlink:href="#glyph1-33" x="334.0625" y="274.277344"/>
  <use xlink:href="#glyph1-4" x="338.581909" y="261.86037"/>
  <use xlink:href="#glyph1-14" x="341.244923" y="254.543799"/>
  <use xlink:href="#glyph1-7" x="343.907937" y="247.227227"/>
  <use xlink:href="#glyph1-17" x="346.570952" y="239.910656"/>
  <use xlink:href="#glyph1-3" x="349.233966" y="232.594084"/>
  <use xlink:href="#glyph1-11" x="350.828501" y="228.213134"/>
  <use xlink:href="#glyph1-12" x="352.158839" y="224.55806"/>
  <use xlink:href="#glyph1-26" x="353.489177" y="220.902986"/>
  <use xlink:href="#glyph1-6" x="356.947121" y="211.402364"/>
  <use xlink:href="#glyph1-21" x="358.010924" y="208.479589"/>
  <use xlink:href="#glyph1-29" x="360.405065" y="201.901741"/>
  <use xlink:href="#glyph1-4" x="363.068079" y="194.585169"/>
  <use xlink:href="#glyph1-3" x="365.731094" y="187.268598"/>
  <use xlink:href="#glyph1-31" x="367.325629" y="182.887648"/>
</g>
<g style="fill:rgb(30.196078%,30.196078%,30.196078%);fill-opacity:1;">
  <use xlink:href="#glyph1-20" x="348.882812" y="315.960938"/>
  <use xlink:href="#glyph1-4" x="352.340756" y="306.460315"/>
  <use xlink:href="#glyph1-7" x="355.003771" y="299.143743"/>
  <use xlink:href="#glyph1-31" x="357.666785" y="291.827172"/>
  <use xlink:href="#glyph1-17" x="360.329799" y="284.5106"/>
  <use xlink:href="#glyph1-18" x="362.992813" y="277.194029"/>
  <use xlink:href="#glyph1-11" x="364.056616" y="274.271254"/>
  <use xlink:href="#glyph1-12" x="365.386954" y="270.61618"/>
  <use xlink:href="#glyph1-40" x="366.717293" y="266.961106"/>
  <use xlink:href="#glyph1-17" x="370.441772" y="256.728184"/>
  <use xlink:href="#glyph1-15" x="373.104786" y="249.411612"/>
  <use xlink:href="#glyph1-3" x="375.7678" y="242.095041"/>
  <use xlink:href="#glyph1-14" x="377.362336" y="237.714091"/>
  <use xlink:href="#glyph1-17" x="380.02535" y="230.39752"/>
  <use xlink:href="#glyph1-12" x="382.688364" y="223.080948"/>
  <use xlink:href="#glyph1-41" x="384.018702" y="219.425874"/>
  <use xlink:href="#glyph1-3" x="386.943576" y="211.38985"/>
  <use xlink:href="#glyph1-6" x="388.538111" y="207.008901"/>
  <use xlink:href="#glyph1-31" x="389.601914" y="204.086126"/>
  <use xlink:href="#glyph1-17" x="392.264928" y="196.769555"/>
  <use xlink:href="#glyph1-3" x="394.927942" y="189.452983"/>
  <use xlink:href="#glyph1-6" x="396.522478" y="185.072033"/>
  <use xlink:href="#glyph1-21" x="397.586281" y="182.149259"/>
</g>
<g style="fill:rgb(30.196078%,30.196078%,30.196078%);fill-opacity:1;">
  <use xlink:href="#glyph1-20" x="384.464844" y="300.613281"/>
  <use xlink:href="#glyph1-4" x="387.922788" y="291.112658"/>
  <use xlink:href="#glyph1-10" x="390.585802" y="283.796087"/>
  <use xlink:href="#glyph1-31" x="392.979943" y="277.218239"/>
  <use xlink:href="#glyph1-7" x="395.642957" y="269.901667"/>
  <use xlink:href="#glyph1-11" x="398.305971" y="262.585096"/>
  <use xlink:href="#glyph1-12" x="399.63631" y="258.930022"/>
  <use xlink:href="#glyph1-41" x="400.966648" y="255.274948"/>
  <use xlink:href="#glyph1-3" x="403.891521" y="247.238924"/>
  <use xlink:href="#glyph1-4" x="405.486056" y="242.857974"/>
  <use xlink:href="#glyph1-7" x="408.149071" y="235.541403"/>
  <use xlink:href="#glyph1-19" x="410.812085" y="228.224831"/>
  <use xlink:href="#glyph1-12" x="413.206226" y="221.646983"/>
  <use xlink:href="#glyph1-42" x="414.536564" y="217.991909"/>
  <use xlink:href="#glyph1-15" x="416.930705" y="211.41406"/>
  <use xlink:href="#glyph1-8" x="419.593719" y="204.097489"/>
  <use xlink:href="#glyph1-17" x="421.98786" y="197.519641"/>
  <use xlink:href="#glyph1-43" x="424.650875" y="190.203069"/>
  <use xlink:href="#glyph1-29" x="427.313889" y="182.886497"/>
</g>
<g style="fill:rgb(30.196078%,30.196078%,30.196078%);fill-opacity:1;">
  <use xlink:href="#glyph1-1" x="420.042969" y="285.261719"/>
  <use xlink:href="#glyph1-21" x="423.236715" y="276.486972"/>
  <use xlink:href="#glyph1-29" x="425.630856" y="269.909123"/>
  <use xlink:href="#glyph1-28" x="428.293871" y="262.592552"/>
  <use xlink:href="#glyph1-36" x="430.956885" y="255.27598"/>
  <use xlink:href="#glyph1-4" x="434.945561" y="244.317182"/>
  <use xlink:href="#glyph1-7" x="437.608576" y="237.000611"/>
  <use xlink:href="#glyph1-7" x="440.27159" y="229.684039"/>
  <use xlink:href="#glyph1-11" x="442.934604" y="222.367468"/>
  <use xlink:href="#glyph1-12" x="444.264942" y="218.712394"/>
  <use xlink:href="#glyph1-26" x="445.59528" y="215.05732"/>
  <use xlink:href="#glyph1-15" x="449.053224" y="205.556697"/>
  <use xlink:href="#glyph1-38" x="451.716238" y="198.240125"/>
  <use xlink:href="#glyph1-17" x="454.379253" y="190.923554"/>
  <use xlink:href="#glyph1-3" x="457.042267" y="183.606982"/>
  <use xlink:href="#glyph1-2" x="458.636802" y="179.226033"/>
</g>
<g style="fill:rgb(30.196078%,30.196078%,30.196078%);fill-opacity:1;">
  <use xlink:href="#glyph1-16" x="464.941406" y="244.316406"/>
  <use xlink:href="#glyph1-17" x="468.135153" y="235.541659"/>
  <use xlink:href="#glyph1-3" x="470.798167" y="228.225088"/>
  <use xlink:href="#glyph1-14" x="472.392703" y="223.844138"/>
  <use xlink:href="#glyph1-11" x="475.055717" y="216.527566"/>
  <use xlink:href="#glyph1-12" x="476.386055" y="212.872493"/>
  <use xlink:href="#glyph1-35" x="477.716393" y="209.217419"/>
  <use xlink:href="#glyph1-18" x="480.91014" y="200.442672"/>
  <use xlink:href="#glyph1-38" x="481.973943" y="197.519897"/>
  <use xlink:href="#glyph1-4" x="484.636957" y="190.203326"/>
  <use xlink:href="#glyph1-7" x="487.299971" y="182.886754"/>
</g>
<g style="fill:rgb(0%,0%,0%);fill-opacity:1;">
  <use xlink:href="#glyph0-5" x="238.273438" y="352.328125"/>
  <use xlink:href="#glyph0-6" x="248.383789" y="352.328125"/>
  <use xlink:href="#glyph0-7" x="256.169922" y="352.328125"/>
  <use xlink:href="#glyph0-8" x="267.832031" y="352.328125"/>
  <use xlink:href="#glyph0-6" x="275.618164" y="352.328125"/>
  <use xlink:href="#glyph0-9" x="283.404297" y="352.328125"/>
  <use xlink:href="#glyph0-10" x="290.404297" y="352.328125"/>
  <use xlink:href="#glyph0-11" x="298.19043" y="352.328125"/>
</g>
<g style="fill:rgb(0%,0%,0%);fill-opacity:1;">
  <use xlink:href="#glyph2-1" x="17.71875" y="114.785156"/>
  <use xlink:href="#glyph2-2" x="17.71875" y="104.674805"/>
  <use xlink:href="#glyph2-3" x="17.71875" y="96.888672"/>
  <use xlink:href="#glyph2-4" x="17.71875" y="89.102539"/>
  <use xlink:href="#glyph2-5" x="17.71875" y="81.316406"/>
</g>
<g style="fill:rgb(0%,0%,0%);fill-opacity:1;">
  <use xlink:href="#glyph3-1" x="210.542969" y="18.433594"/>
  <use xlink:href="#glyph3-2" x="223.541992" y="18.433594"/>
  <use xlink:href="#glyph3-3" x="234.537109" y="18.433594"/>
  <use xlink:href="#glyph3-4" x="245.532227" y="18.433594"/>
  <use xlink:href="#glyph3-5" x="250.533203" y="18.433594"/>
  <use xlink:href="#glyph3-6" x="260.543945" y="18.433594"/>
  <use xlink:href="#glyph3-7" x="269.543945" y="18.433594"/>
  <use xlink:href="#glyph3-8" x="274.544922" y="18.433594"/>
  <use xlink:href="#glyph3-9" x="279.545898" y="18.433594"/>
  <use xlink:href="#glyph3-10" x="291.551758" y="18.433594"/>
  <use xlink:href="#glyph3-5" x="296.552734" y="18.433594"/>
  <use xlink:href="#glyph3-11" x="306.563477" y="18.433594"/>
  <use xlink:href="#glyph3-11" x="313.568359" y="18.433594"/>
  <use xlink:href="#glyph3-5" x="320.573242" y="18.433594"/>
</g>
</g>
</svg>
